GSAT0101 (GALILEO-PFM)  
1 37846U 11060A   26283.40568050 -.00000091  00000+0  00000+0 0  9994
2 37846  56.9471 338.6342 0001122 301.0104  59.0459  1.70475680 93086
GSAT0102 (GALILEO-FM2)  
1 37847U 11060B   26279.22101426 -.00000086  00000+0  00000+0 0  9994
2 37847  56.9495 338.7487 0002411 313.5659  44.0056  1.70475892 93014
GSAT0103 (GALILEO-FM3)  
1 38857U 12055A   26279.92730821  .00000047  00000+0  00000+0 0  9991
2 38857  55.8790  98.4777 0001486 303.9490  56.0908  1.70473331 86917
GSAT0201 (GALILEO 5)    
1 40128U 14050A   26261.66135895  .00000005  00000+0  00000+0 0  9998
2 40128  48.7780 269.5934 1687123 183.0003 175.8597  1.85519745 80052
GSAT0202 (GALILEO 6)    
1 40129U 14050B   26282.93690864 -.00000056  00000+0  00000+0 0  9991
2 40129  48.7728 267.8049 1691532 184.5079 173.7458  1.85520277 82610
GSAT0203 (GALILEO 7)    
1 40544U 15017A   26273.79769036 -.00000072  00000+0  00000+0 0  9996
2 40544  56.7433 338.7158 0005862 259.5183 100.4835  1.70476060 71006
GSAT0204 (GALILEO 8)    
1 40545U 15017B   26258.80260670 -.00000102  00000+0  00000+0 0  9996
2 40545  56.7566 339.1450 0004699 240.9831 119.0222  1.70476021 33792
GSAT0206 (GALILEO 10)   
1 40890U 15045B   26259.96432677  .00000017  00000+0  00000+0 0  9990
2 40890  54.9240 219.0714 0002624 353.2075   6.7586  1.70473245 68605
GSAT0209 (GALILEO 12)   
1 41174U 15079A   26281.83657187  .00000039  00000+0  00000+0 0  9993
2 41174  55.9020  98.1432 0003114  23.9378 336.1227  1.70474029 66716
GSAT0208 (GALILEO 11)   
1 41175U 15079B   26279.12407606  .00000047  00000+0  00000+0 0  9991
2 41175  55.8986  98.2141 0003028  33.1427 326.9304  1.70473793 67088
GSAT0211 (GALILEO 14)   
1 41549U 16030A   26281.59377709 -.00000031  00000+0  00000+0 0  9992
2 41549  55.0672 218.5784 0003859 346.5414  13.4174  1.70472926 64601
GSAT0210 (GALILEO 13)   
1 41550U 16030B   26271.29228827  .00000016  00000+0  00000+0 0  9998
2 41550  55.0701 218.8591 0003477 255.7665 104.1654  1.70473469 64424
GSAT0207 (GALILEO 15)   
1 41859U 16069A   26262.77251085  .00000026  00000+0  00000+0 0  9998
2 41859  55.5593  98.4673 0002817   1.3542 358.7215  1.70473989 61018
GSAT0212 (GALILEO 16)   
1 41860U 16069B   26281.39649569  .00000040  00000+0  00000+0 0  9993
2 41860  55.5717  97.9472 0003618  47.2095 312.8690  1.70474125 61584
GSAT0213 (GALILEO 17)   
1 41861U 16069C   26258.30017772  .00000003  00000+0  00000+0 0  9993
2 41861  55.5571  98.5941 0002003 331.4312  28.6313  1.70474479 61056
GSAT0214 (GALILEO 18)   
1 41862U 16069D   26264.89902317  .00000042  00000+0  00000+0 0  9996
2 41862  55.5585  98.4041 0001465   3.2419 356.8418  1.70474219 61295
GSAT0215 (GALILEO 19)   
1 43055U 17079A   26280.05267978 -.00000031  00000+0  00000+0 0  9996
2 43055  55.0457 218.4310 0002734 292.2124  67.7284  1.70473698 54897
GSAT0216 (GALILEO 20)   
1 43056U 17079B   26261.57308713  .00000017  00000+0  00000+0 0  9999
2 43056  55.0525 218.9384 0004502 291.2688  68.6565  1.70474060 54592
GSAT0217 (GALILEO 21)   
1 43057U 17079C   26265.89999000  .00000011  00000+0  00000+0 0  9998
2 43057  55.0493 218.8172 0003908 307.6838  52.2454  1.70473918 54653
GSAT0218 (GALILEO 22)   
1 43058U 17079D   26283.13102113 -.00000024  00000+0  00000+0 0  9992
2 43058  55.0433 218.3419 0004355 292.4330  67.4966  1.70473829 54974
GSAT0221 (GALILEO 25)   
1 43564U 18060A   26265.43785046 -.00000078  00000+0  00000+0 0  9999
2 43564  57.1298 339.1540 0004899 270.7276  89.2757  1.70476363 50811
GSAT0222 (GALILEO 26)   
1 43565U 18060B   26276.21615640 -.00000079  00000+0  00000+0 0  9991
2 43565  57.1287 338.8658 0005461 248.8761 111.1275  1.70475516 51053
GSAT0219 (GALILEO 23)   
1 43566U 18060C   26283.47591557 -.00000090  00000+0  00000+0 0  9991
2 43566  57.1251 338.6702 0004367 275.7469  84.2709  1.70476224 51151
GSAT0220 (GALILEO 24)   
1 43567U 18060D   26259.06046683 -.00000101  00000+0  00000+0 0  9998
2 43567  57.1352 339.3320 0003721 269.4250  90.5848  1.70476412 50724
GSAT0223 (GALILEO 27)   
1 49809U 21116A   26283.54486580 -.00000090  00000+0  00000+0 0  9990
2 49809  57.1133 338.5564 0004356 231.0293 126.5410  1.70476281 30147
GSAT0224 (GALILEO 28)   
1 49810U 21116B   26282.18447627 -.00000090  00000+0  00000+0 0  9990
2 49810  57.1146 338.5922 0003645 231.2803 124.0376  1.70476216 30142
GSAT0225 (GALILEO 29)   
1 59598U 24079A   26283.11120420  .00000030  00000+0  00000+0 0  9991
2 59598  55.1971  97.8672 0001845 136.0504  61.1620  1.70474359 15273
GSAT0227 (GALILEO 30)   
1 59600U 24079C   26280.04051393  .00000044  00000+0  00000+0 0  9991
2 59600  55.1898  97.9512 0004335  99.0420 261.0601  1.70474243 15273
GSAT0232 (GALILEO 32)   
1 61182U 24167A   26283.40070006 -.00000022  00000+0  00000+0 0  9999
2 61182  55.1566 218.1558 0004733 234.7199 243.1465  1.70473474 12847
GSAT0226 (GALILEO 31)   
1 61183U 24167B   26283.35679830 -.00000022  00000+0  00000+0 0  9994
2 61183  55.1556 218.1642 0001536 250.3817 291.8713  1.70473458 12815
GSAT0233 (GALILEO 33)   
1 67160U 25302A   26276.46131672  .00000039  00000+0  00000+0 0  9995
2 67160  54.4075  99.0448 0003147 141.5900 225.4748  1.70473982  4979
GSAT0234 (GALILEO 34)   
1 67162U 25302C   26275.56730789  .00000038  00000+0  00000+0 0  9990
2 67162  54.4082  99.0694 0000468  93.1844 265.3020  1.70473970  5002
