TDRS 3                  
1 19548U 88091B   26271.24811166 -.00000292  00000+0  00000+0 0  9992
2 19548  12.5263 340.3089 0038613 350.9014  76.3161  1.00268997126429
FLTSATCOM 8 (USA 46)    
1 20253U 89077A   26269.84740934 -.00000360  00000+0  00000+0 0  9995
2 20253  12.3954 350.5396 0003153 234.1845 211.6641  1.00266976261588
TDRS 5                  
1 21639U 91054B   26271.50517708  .00000091  00000+0  00000+0 0  9999
2 21639  14.0596 352.9995 0009534 248.9343 139.6580  1.00267824128759
TDRS 6                  
1 22314U 93003B   26271.07337766 -.00000288  00000+0  00000+0 0  9991
2 22314  14.1863 356.2832 0009714 204.8210 146.3774  1.00270199123438
UFO 2 (USA 95)          
1 22787U 93056A   26267.94087751  .00000132  00000+0  00000+0 0  9997
2 22787  11.9316   2.9890 0002719 248.2736 119.9037  1.00275378119552
UFO 4 (USA 108)         
1 23467U 95003A   26271.58684522 -.00000015  00000+0  00000+0 0  9992
2 23467   9.7103  12.7358 0002937 174.2114 203.9744  1.00271549115994
TDRS 7                  
1 23613U 95035B   26271.65269530 -.00000233  00000+0  00000+0 0  9998
2 23613  13.2952 347.4691 0010488  98.3454 245.7884  1.00269741114281
USA 115 (MILSTAR-1 2)   
1 23712U 95060A   26271.18103976 -.00000196  00000+0  00000+0 0  9993
2 23712  14.1099   2.9650 0006164 167.3394 171.9048  1.00272650 33912
INMARSAT 3-F1           
1 23839U 96020A   26271.60791942 -.00000169  00000+0  00000+0 0  9993
2 23839  10.8139  45.6508 0007303 161.5129 178.7909  1.00003918111281
INMARSAT 3-F2           
1 24307U 96053A   26272.05279387  .00000146  00000+0  00000+0 0  9998
2 24307  10.0881  52.8530 0005599 134.0099 241.9202  0.99983698109969
INMARSAT 3-F3           
1 24674U 96070A   26271.31771294 -.00000267  00000+0  00000+0 0  9991
2 24674  10.5380  48.6323 0006406 163.2473 209.0319  0.99987503108946
USA 134                 
1 25019U 97065A   26272.19914971 -.00000056  00000+0  00000+0 0  9994
2 25019  12.9074  20.9193 0003643 259.3174  47.0703  1.00268864 33993
INMARSAT 3-F5           
1 25153U 98006B   26271.96763595 -.00000283  00000+0  00000+0 0  9999
2 25153   9.9201  52.1910 0004815 143.4882 106.4199  1.00268534104931
ABS-6                   
1 25924U 99053A   26271.60738383 -.00000114  00000+0  00000+0 0  9999
2 25924   0.0265 110.6856 0001185  80.4903 193.8948  1.00271880 98874
UFO 10 (USA 146)        
1 25967U 99063A   26270.11553697 -.00000179  00000+0  00000+0 0  9996
2 25967   9.9372  26.6569 0004392 200.0762 157.9262  1.00274274 98365
ASIASTAR                
1 26107U 00016A   26270.35463973 -.00000324  00000+0  00000+0 0  9998
2 26107   9.3629  57.0276 0004237 139.6440  42.1455  1.00268612 96942
USA 149 (DSP 20)        
1 26356U 00024A   26271.60426646  .00000045  00000+0  00000+0 0  9997
2 26356  13.2772  11.1821 0002376 280.0903   7.1595  0.99004870 33954
TDRS 8                  
1 26388U 00034A   26271.92783375 -.00000186  00000+0  00000+0 0  9990
2 26388  12.8459  30.4229 0000898 148.8174 247.1606  1.00268260 96226
NSS-11                  
1 26554U 00059A   26272.07940065  .00000031  00000+0  00000+0 0  9998
2 26554   2.3872  80.0202 0003124 118.3489  14.0904  1.00271514 42333
USA 153                 
1 26575U 00065A   26271.60099953 -.00000318  00000+0  00000+0 0  9996
2 26575  11.8014  34.5366 0001652 156.3064 167.1322  1.00265391 33968
AMC-6                   
1 26580U 00067A   26271.63346802  .00000093  00000+0  00000+0 0  9994
2 26580   0.4100  83.3742 0004727 119.5485 257.5177  1.00272232 94936
USA 157 (MILSTAR-2 2)   
1 26715U 01009A   26268.16223328  .00000117  00000+0  00000+0 0  9999
2 26715  11.6527  19.1164 0043146 180.2767  72.9716  1.00270162 33946
INTELSAT 902 (IS-902)   
1 26900U 01039A   26270.95522141 -.00000275  00000+0  00000+0 0  9999
2 26900   6.3707  70.4815 0003908 117.7629 112.2777  1.00271037 91727
USA 164 (MILSTAR-2 3)   
1 27168U 02001A   26271.60871985  .00000105  00000+0  00000+0 0  9993
2 27168  11.3039  21.2524 0097747  10.2149 214.0075  1.00274217 33997
INTELSAT 904 (IS-904)   
1 27380U 02007A   26271.25420762 -.00000217  00000+0  00000+0 0  9994
2 27380   7.1706  67.9005 0003424 130.3766 228.7868  1.00269327 52793
DIRECTV 5 (TEMPO 1)     
1 27426U 02023A   26272.21307215 -.00000051  00000+0  00000+0 0  9993
2 27426   5.1364  73.9543 0003333 119.5119 141.1489  1.00271792 89163
INTELSAT 905 (IS-905)   
1 27438U 02027A   26272.08867402  .00000101  00000+0  00000+0 0  9999
2 27438   7.0077  68.4991 0003790 152.9662  41.1374  1.00272364 52400
GALAXY 3C (G-3C)        
1 27445U 02030A   26272.09699404 -.00000147  00000+0  00000+0 0  9998
2 27445   4.0037  76.6676 0001297  58.9968 172.3042  1.00271889 47534
INTELSAT 906 (IS-906)   
1 27513U 02041A   26272.12282215  .00000019  00000+0  00000+0 0  9995
2 27513   6.0606  71.5937 0003397 136.8152 267.8614  1.00272914 88071
NIMIQ 2                 
1 27632U 02062A   26271.55540685 -.00000061  00000+0  00000+0 0  9992
2 27632   9.6797  55.7661 0005986 130.9207 271.4264  1.00273064 45222
USA 167                 
1 27691U 03008A   26271.55975947  .00000013  00000+0  00000+0 0  9997
2 27691  11.1628  42.4493 0003234 274.1300 130.2369  1.00272493  7819
USA 169 (MILSTAR-2 4)   
1 27711U 03012A   26271.60468977 -.00000189  00000+0  00000+0 0  9996
2 27711  12.4910  28.1206 0095836  12.2298 336.8691  1.00268742 33980
ASIASAT 4               
1 27718U 03014A   26271.59672863 -.00000215  00000+0  00000+0 0  9994
2 27718   4.9625  74.3920 0002735 119.2477 176.1211  1.00270586 46330
HELLAS-SAT 2            
1 27811U 03020A   26265.27116624 -.00000082  00000+0  00000+0 0  9993
2 27811   7.5890  66.6827 0008150 143.8631 238.2748  1.00272801 43827
THURAYA-2               
1 27825U 03026A   26271.91069424  .00000131  00000+0  00000+0 0  9991
2 27825   8.9993  31.4544 0000113 132.0578 216.0470  1.00273760 85386
OPTUS C1                
1 27831U 03028B   26271.60622551 -.00000143  00000+0  00000+0 0  9996
2 27831   7.1417  68.1094 0005673 121.0923 192.1996  1.00270951 54090
USA 170                 
1 27875U 03040A   26271.97045778  .00000133  00000+0  00000+0 0  9996
2 27875  10.7160  46.9317 0002203 175.6380 158.6833  1.00274899 34037
GALAXY 13 (HORIZONS-1)  
1 27954U 03044A   26271.58720685  .00000138  00000+0  00000+0 0  9997
2 27954   1.6801  82.3755 0002130 124.5744 221.8410  1.00268911 47601
YAMAL 202               
1 28089U 03053A   26272.21273647 -.00000073  00000+0  00000+0 0  9998
2 28089   6.5984  69.6312 0004693 126.6519  51.8748  1.00272534 83749
UFO 11 (USA 174)        
1 28117U 03057A   26271.92947515 -.00000096  00000+0  00000+0 0  9998
2 28117   9.0496  33.2679 0003889 166.3600 218.0783  1.00271415 83493
USA 176 (DSP 22)        
1 28158U 04004A   26272.19800652  .00000056  00000+0  00000+0 0  9991
2 28158  12.1992  25.2777 0004058 279.4438   9.6340  0.98998546 33976
ABS-4 (MOBISAT-1)       
1 28184U 04007A   26272.00635248  .00000046  00000+0  00000+0 0  9999
2 28184   6.2980  70.6967 0005171 121.0394 239.3425  1.00270918 53373
INTELSAT 10-02          
1 28358U 04022A   26272.18377992 -.00000006  00000+0  00000+0 0  9994
2 28358   0.0212 246.1526 0000407  17.4120 169.5706  1.00272014 81599
ANIK F2                 
1 28378U 04027A   26272.09378736 -.00000044  00000+0  00000+0 0  9990
2 28378   3.5475  78.0638 0003114 100.2874 112.2032  1.00271650 42309
AMC-15                  
1 28446U 04041A   26272.02376042 -.00000084  00000+0  00000+0 0  9997
2 28446   0.0371  32.5249 0001962 163.5806  75.2149  1.00271401 80348
NSS-10                  
1 28526U 05003A   26268.25940938 -.00000245  00000+0  00000+0 0  9995
2 28526   6.6939  69.1960 0003204 116.0949 234.7636  1.00272509 54150
INMARSAT 4-F1           
1 28628U 05009A   26271.15315387  .00000040  00000+0  00000+0 0  9993
2 28628   5.3117  42.8111 0003048 157.3550  40.0418  1.00271319 78706
DIRECTV 8               
1 28659U 05019A   26272.02098706  .00000000  00000+0  00000+0 0  9994
2 28659   0.0203 179.4965 0003183  21.0411  55.7606  1.00271310 78113
GALAXY 28 (G-28)        
1 28702U 05022A   26271.89665418 -.00000193  00000+0  00000+0 0  9995
2 28702   3.5595  77.5777 0001850 121.1249 104.6986  1.00271888 53010
THAICOM 4               
1 28786U 05028A   26272.04003060 -.00000357  00000+0  00000+0 0  9992
2 28786   0.5063  84.2467 0000315 134.6725 282.8107  1.00272339 53299
ANIK F1R                
1 28868U 05036A   26272.02332707 -.00000069  00000+0  00000+0 0  9993
2 28868   4.5716  75.2241 0002402  79.1304 114.5653  1.00271899 47496
SYRACUSE 3A             
1 28885U 05041B   26254.51939881  .00000114  00000+0  00000+0 0  9998
2 28885   4.8548  74.7263 0002457 106.5771  42.9291  1.00275934 76614
INMARSAT 4-F2           
1 28899U 05044A   26271.44401870 -.00000253  00000+0  00000+0 0  9994
2 28899   5.2289  43.7153 0002804 154.2117 112.6641  1.00271242 76555
METEOSAT-9 (MSG-2)      
1 28912U 05049B   26271.55462006  .00000132  00000+0  00000+0 0  9990
2 28912   9.5911  53.1133 0001444  12.4509 187.1733  1.00268642  8039
EUTELSAT 174A           
1 28924U 05052A   26272.07905397  .00000015  00000+0  00000+0 0  9990
2 28924   4.4749  75.1753 0006201 113.5365  21.6171  1.00270377 53379
ECHOSTAR 10             
1 28935U 06003A   26272.09404736 -.00000051  00000+0  00000+0 0  9993
2 28935   0.0403  21.3960 0001865 132.8296 137.3120  1.00271163 75503
SPAINSAT                
1 28945U 06007A   26272.06208633 -.00000212  00000+0  00000+0 0  9992
2 28945   0.8241  84.6169 0005092 111.3419 164.0552  1.00272650 75250
JCSAT-5A                
1 29045U 06010A   26272.18308553 -.00000322  00000+0  00000+0 0  9995
2 29045   1.3692  82.7860 0001506  61.6696  61.5010  1.00270884 74813
ASTRA 1KR               
1 29055U 06012A   26272.17822500  .00000124  00000+0  00000+0 0  9999
2 29055   0.7348  82.4710 0003723 113.4818 255.1921  1.00274197 46745
GALAXY 16 (G-16)        
1 29236U 06023A   26271.09995161 -.00000122  00000+0  00000+0 0  9995
2 29236   0.0131 163.9824 0002789  28.1421 111.7779  1.00271920 74002
EUTELSAT 33F            
1 29270U 06032A   26272.16711500  .00000161  00000+0  00000+0 0  9997
2 29270   1.9225  80.9066 0003492 112.0819 268.2567  1.00274954 48358
JCSAT-3A                
1 29272U 06033A   26270.95022257  .00000000  00000+0  00000+0 0  9991
2 29272   0.0146 190.8515 0002246   7.7171 278.2478  1.00270125 48773
KOREASAT 5 (MUGUNGWHA 5)
1 29349U 06034A   26271.92438764 -.00000352  00000+0  00000+0 0  9990
2 29349   2.0440  81.5082 0002140 159.7094 212.3510  1.00270850 42367
DIRECTV 9S              
1 29494U 06043A   26271.93218766 -.00000275  00000+0  00000+0 0  9994
2 29494   2.6825  79.5253 0007717 193.1301 223.3813  0.99097983 52423
OPTUS D1                
1 29495U 06043B   26271.93210101 -.00000177  00000+0  00000+0 0  9991
2 29495   3.2942  78.2785 0003749 110.5355 306.4411  1.00270310 73161
BADR-4                  
1 29526U 06051A   26272.16711500  .00000161  00000+0  00000+0 0  9992
2 29526   2.2654  79.8268 0004983 109.9343 272.8476  1.00271001 52317
WILDBLUE-1              
1 29643U 06054A   26271.89882086 -.00000219  00000+0  00000+0 0  9997
2 29643   3.0641  79.1021 0004959 106.9019 129.4123  0.99178918 54826
SKYNET 5A               
1 30794U 07007B   26271.92197624 -.00000264  00000+0  00000+0 0  9996
2 30794   5.5587  72.4229 0003424 123.6363 238.7797  1.00272833 71746
ANIK F3                 
1 31102U 07009A   26272.02107374  .00000004  00000+0  00000+0 0  9998
2 31102   1.4584  82.4085 0002786 109.8508  64.4467  1.00272332 47600
ASTRA 1L                
1 31306U 07016A   26272.11094743 -.00000179  00000+0  00000+0 0  9991
2 31306   1.5822  80.4854 0005042 111.4454 191.4009  1.00269956 46027
GALAXY 17 (G-17)        
1 31307U 07016B   26270.88729541 -.00000199  00000+0  00000+0 0  9997
2 31307   3.2236  78.5202 0004045 140.1041  22.5129  1.00271178 70836
INTELSAT 11 (IS-11)     
1 32253U 07044B   26272.17266991 -.00000008  00000+0  00000+0 0  9997
2 32253   3.8285  77.3176 0008260 137.0442 243.9730  0.99049188 69484
WGS F1 (USA 195)        
1 32258U 07046A   26271.89353417 -.00000262  00000+0  00000+0 0  9994
2 32258   0.0332 102.0253 0000872 132.9889  51.8247  1.00272486 53375
SKYNET 5B               
1 32294U 07056B   26272.17266991  .00000146  00000+0  00000+0 0  9997
2 32294   5.5094  72.2045 0003671 116.8185 266.1733  1.00270548 69248
ASTRA 4A                
1 32299U 07057A   26272.18377992  .00000037  00000+0  00000+0 0  9997
2 32299   0.0363  53.6591 0002716 148.6869 236.6077  1.00273013 52685
HORIZONS-2              
1 32388U 07063B   26271.46580079 -.00000247  00000+0  00000+0 0  9999
2 32388   2.8604  79.2545 0001891 127.9911 253.9394  1.00272011 68853
THURAYA-3               
1 32404U 08001A   26271.91459426  .00000015  00000+0  00000+0 0  9994
2 32404   6.1639  35.8209 0003075 187.8657 176.9966  1.00272455 68536
THOR 5                  
1 32487U 08006A   26268.90820505 -.00000006  00000+0  00000+0 0  9996
2 32487   0.0330 241.3828 0002427 308.3913 141.1693  1.00272174 68320
AMC-14                  
1 32708U 08011A   26268.71802773 -.00000348  00000+0  00000+0 0  9993
2 32708  24.1254  19.3047 0035077   0.8274   1.8708  1.00434274 69180
DIRECTV 11              
1 32729U 08013A   26272.09621404 -.00000121  00000+0  00000+0 0  9993
2 32729   0.0309  36.9986 0000091 114.6938 151.6462  1.00271415 46635
ICO G1                  
1 32763U 08016A   26270.88573539 -.00000164  00000+0  00000+0 0  9991
2 32763   5.5455  35.8125 0002412 135.2001  61.6917  1.00272440 67577
VINASAT-1               
1 32767U 08018A   26271.44921757 -.00000323  00000+0  00000+0 0  9996
2 32767   0.0075 124.4601 0002132  92.3201  84.1422  1.00271479 67625
STAR ONE C2             
1 32768U 08018B   26271.50128322 -.00000271  00000+0  00000+0 0  9993
2 32768   1.4965  81.2498 0002505 111.0080 290.5244  1.00272813 67696
AMOS-3                  
1 32794U 08022A   26272.11433531 -.00000112  00000+0  00000+0 0  9990
2 32794   0.7154  84.4285 0001693  73.2126 329.4454  1.00271369 83387
GALAXY 18 (G-18)        
1 32951U 08024A   26272.02020706  .00000030  00000+0  00000+0 0  9991
2 32951   0.0172 212.8346 0003072 338.8242  60.4235  1.00270885 46898
ZHONGXING-9             
1 33051U 08028A   26271.96250829 -.00000244  00000+0  00000+0 0  9998
2 33051   1.0250  83.7756 0007496 142.5184 220.3808  1.00272736 67081
SKYNET 5C               
1 33055U 08030A   26271.25698096 -.00000132  00000+0  00000+0 0  9995
2 33055   4.0454  75.7351 0005258 124.1605 241.8988  1.00271296 66990
TURKSAT 3A              
1 33056U 08030B   26270.98371981  .00000151  00000+0  00000+0 0  9996
2 33056   0.0650  78.5819 0004133  97.0376 227.2960  1.00272951 53385
ECHOSTAR 11             
1 33207U 08035A   26272.09404736 -.00000053  00000+0  00000+0 0  9990
2 33207   1.2660  82.7500 0002492 101.5103 107.6878  1.00271247 52257
SUPERBIRD-C2            
1 33274U 08038A   26271.53540914 -.00000300  00000+0  00000+0 0  9999
2 33274   2.6198  79.8658 0005395  80.5548 175.6792  1.00270073106769
INMARSAT 4-F3           
1 33278U 08039A   26271.55048985 -.00000134  00000+0  00000+0 0  9992
2 33278   4.3926  31.7695 0003422 176.4166 259.3521  1.00271199 47583
NIMIQ 4                 
1 33373U 08044A   26272.09959405 -.00000216  00000+0  00000+0 0  9993
2 33373   0.0546  85.8145 0001878 107.5196 128.4178  1.00272406 66027
GALAXY 19 (G-19)        
1 33376U 08045A   26271.88279534 -.00000134  00000+0  00000+0 0  9990
2 33376   0.0291 243.0914 0002637 316.3298  29.0557  1.00269412 65946
ASTRA 1M                
1 33436U 08057A   26272.17822500  .00000125  00000+0  00000+0 0  9999
2 33436   0.5572  82.4260 0003691 107.5370 261.5496  1.00271903 46785
EUTELSAT HOTBIRD 13C    
1 33459U 08065A   26272.10583409 -.00000277  00000+0  00000+0 0  9997
2 33459   3.2102  77.8615 0003887 119.4809 158.3699  1.00271008 48389
EXPRESS-AM44            
1 33595U 09007A   26271.89977419 -.00000082  00000+0  00000+0 0  9992
2 33595   3.7215  77.0481 0003580 111.6328 131.9463  1.00271954 53329
NSS-9                   
1 33749U 09008A   26272.08078733  .00000077  00000+0  00000+0 0  9990
2 33749   1.5222  81.4006 0002169 103.3541  35.2719  1.00272255 64566
TELSTAR 11N             
1 34111U 09009A   26271.82325508 -.00000246  00000+0  00000+0 0  9990
2 34111   0.0144 122.4753 0002649  69.0138  74.9543  1.00272031 47282
WGS F2 (USA 204)        
1 34713U 09017A   26271.60733561  .00000000  00000+0  00000+0 0  9992
2 34713   0.0162 190.8312 0000577  36.5777  56.1235  1.00271485 46658
SES-7 (PROTOSTAR 2)     
1 34941U 09027A   26271.56701344 -.00000340  00000+0  00000+0 0  9993
2 34941   0.0565  72.9543 0001171 159.0162  87.7633  1.00270054 63667
MEASAT-3A               
1 35362U 09032A   26271.86242859 -.00000105  00000+0  00000+0 0  9990
2 35362   0.0415 347.6122 0003098 198.9821 291.5567  1.00272478  9076
EWS-G3 (GOES 14)        
1 35491U 09033A   26272.13018752 -.00000017  00000+0  00000+0 0  9990
2 35491   1.9507  81.5497 0002316 110.9765 295.0391  1.00069944  7639
FM-5                    
1 35493U 09034A   26270.81579509 -.00000196  00000+0  00000+0 0  9996
2 35493   0.0319 259.5786 0000298 155.9083 158.6911  1.00273805 47672
TERRESTAR-1             
1 35496U 09035A   26270.88218205 -.00000049  00000+0  00000+0 0  9997
2 35496   5.2411  48.6460 0001903 114.6600  49.9684  1.00272837 63167
ASIASAT 5               
1 35696U 09042A   26271.92197624 -.00000303  00000+0  00000+0 0  9997
2 35696   0.0321 107.5929 0001772  65.1730 267.3606  1.00273576 62750
JCSAT-12 (JCSAT-RA)     
1 35755U 09044A   26272.18864324  .00000000  00000+0  00000+0 0  9995
2 35755   0.0138 198.2112 0001908  32.4358 337.2750  1.00268035 62657
OPTUS D3                
1 35756U 09044B   26271.60676773 -.00000141  00000+0  00000+0 0  9998
2 35756   0.7855 267.8659 0004349 283.4085 190.7148  1.00271065 62602
NIMIQ 5                 
1 35873U 09050A   26272.10141405 -.00000252  00000+0  00000+0 0  9993
2 35873   0.0195 109.8284 0002911  80.6684 141.2119  1.00271661 62382
AMAZONAS 2              
1 35942U 09054A   26272.10158740 -.00000254  00000+0  00000+0 0  9996
2 35942   2.0762  81.5682 0003406 104.7479 146.1589  1.00273041 62221
COMSATBW-1              
1 35943U 09054B   26272.12828086  .00000028  00000+0  00000+0 0  9994
2 35943   0.0410 125.7344 0003384  78.6787 272.7054  1.00273380 62355
NSS-12                  
1 36032U 09058A   26272.14350145  .00000076  00000+0  00000+0 0  9999
2 36032   0.0531  73.5257 0002751  81.4525 321.6169  1.00271653 61969
THOR 6                  
1 36033U 09058B   26271.61667366 -.00000005  00000+0  00000+0 0  9990
2 36033   0.0200 125.2465 0002459  95.3441   7.9757  1.00271890 62045
INTELSAT 14 (IS-14)     
1 36097U 09064A   26271.89310082 -.00000269  00000+0  00000+0 0  9999
2 36097   0.1754  83.7632 0002591 113.7042  86.7393  1.00271488 61642
EUTELSAT 36B            
1 36101U 09065A   26272.14350145  .00000117  00000+0  00000+0 0  9990
2 36101   0.7461  81.0137 0005875 107.3965 281.6710  1.00270879 61755
INTELSAT 15 (IS-15)     
1 36106U 09067A   26272.13270088  .00000000  00000+0  00000+0 0  9994
2 36106   0.0138 178.7099 0002740  33.0929 289.0166  1.00270145 42277
WGS F3 (USA 211)        
1 36108U 09068A   26271.14291847  .00000026  00000+0  00000+0 0  9991
2 36108   0.3045  84.7136 0000416 133.8335  77.5868  1.00271868 47621
DIRECTV 12              
1 36131U 09075A   26272.02419375 -.00000099  00000+0  00000+0 0  9992
2 36131   0.0020 286.8978 0000253 233.3811 113.5161  1.00271072 47590
BEIDOU-2 G1             
1 36287U 10001A   26272.21495670 -.00000274  00000+0  00000+0 0  9993
2 36287   4.5325  59.9492 0002497 240.0906 285.8216  1.00269694 61217
SDO                     
1 36395U 10005A   26271.49110538 -.00000049  00000+0  00000+0 0  9993
2 36395  34.8651  84.7722 0001762  88.2276 269.5156  1.00273865 61096
INTELSAT 16 (IS-16)     
1 36397U 10006A   26272.18377992  .00000099  00000+0  00000+0 0  9996
2 36397   0.0370 274.6840 0002249 302.8709 214.7203  1.01412884 60696
EWS-G2 (GOES 15)        
1 36411U 10008A   26272.12836751  .00000027  00000+0  00000+0 0  9993
2 36411   1.5571  81.7393 0004957  90.6024 305.0959  1.00272199 60685
ECHOSTAR 14             
1 36499U 10010A   26272.02098706  .00000005  00000+0  00000+0 0  9997
2 36499   0.0209 141.9766 0001999  51.3475  63.1368  1.00271903 47596
SES-1                   
1 36516U 10016A   26272.09586737 -.00000110  00000+0  00000+0 0  9994
2 36516   0.0270 286.5585 0002626 263.0117 111.8314  1.00270967 60071
ASTRA 3B                
1 36581U 10021A   26272.17266991  .00000142  00000+0  00000+0 0  9992
2 36581   1.7312  82.1069 0003122  77.5273 293.9702  1.00272849 59913
COMSATBW-2              
1 36582U 10021B   26272.17822500  .00000093  00000+0  00000+0 0  9992
2 36582   0.0248 120.4049 0003028  89.5461 235.3803  1.00271381 59995
BEIDOU-2 G3             
1 36590U 10024A   26271.41881281 -.00000128  00000+0  00000+0 0  9991
2 36590   4.7547  60.9512 0004191 358.6764 178.0189  1.00272136 59807
BADR-5                  
1 36592U 10025A   26272.17266991  .00000158  00000+0  00000+0 0  9995
2 36592   0.0648 112.1365 0008467 108.3800 240.0991  1.00272819 54250
ARABSAT-5A              
1 36745U 10032B   26272.17266991  .00000158  00000+0  00000+0 0  9993
2 36745   0.3000  77.5926 0003714 101.7240 281.3137  1.00269616 59691
ECHOSTAR 15             
1 36792U 10034A   26272.02098706  .00000004  00000+0  00000+0 0  9998
2 36792   0.0184 120.1305 0002746  32.9785 103.4549  1.00271188 59364
BEIDOU-2 IGSO-1         
1 36828U 10036A   26256.66970756 -.00000130  00000+0  00000+0 0  9997
2 36828  54.3037 162.1610 0058541 217.4777 320.7749  1.00289463 58981
NILESAT 201             
1 36830U 10037A   26272.16086218 -.00000053  00000+0  00000+0 0  9999
2 36830   0.0145 177.5490 0005690   6.9329 234.3724  1.00271902 59410
RASCOM-QAF 1R           
1 36831U 10037B   26272.18377992  .00000023  00000+0  00000+0 0  9990
2 36831   0.0153 133.5592 0005232  60.5475 242.9076  1.00271447 59346
AEHF-1 (USA 214)        
1 36868U 10039A   26271.97205931  .00000155  00000+0  00000+0 0  9997
2 36868   8.4789  66.6815 0004140 126.6945 194.2628  1.00270844 54695
XM-5                    
1 37185U 10053A   26271.55724781 -.00000018  00000+0  00000+0 0  9998
2 37185   0.0732 269.9214 0000322 211.7193 331.1453  1.00271818 58519
BSAT-3B                 
1 37207U 10056B   26272.05114029 -.00000346  00000+0  00000+0 0  9994
2 37207   0.0241 221.6589 0004575 352.7560 281.6763  1.00271191 53148
BEIDOU-2 G4             
1 37210U 10057A   26272.24523341 -.00000106  00000+0  00000+0 0  9995
2 37210   3.8985  68.1897 0008677 180.0993   8.0080  1.00273433 58333
SKYTERRA 1              
1 37218U 10061A   26271.55224795 -.00000111  00000+0  00000+0 0  9998
2 37218   5.3424  50.5917 0002129 145.7096 268.5611  1.00273179 58231
HYLAS 1                 
1 37237U 10065A   26271.60122913 -.00000254  00000+0  00000+0 0  9996
2 37237   5.8980  71.6898 0004562 164.2503 121.8266  1.00631203  7921
INTELSAT 17 (IS-17)     
1 37238U 10065B   26272.12888751  .00000002  00000+0  00000+0 0  9994
2 37238   0.0184 229.4713 0002573 327.8358 283.0044  1.00273128 54294
BEIDOU-2 IGSO-2         
1 37256U 10068A   26270.62186336 -.00000178  00000+0  00000+0 0  9995
2 37256  47.3663 270.5486 0057204 216.5025 208.0151  1.00248472 57822
EUTELSAT KA-SAT 9A      
1 37258U 10069A   26271.54742670  .00000066  00000+0  00000+0 0  9994
2 37258   0.0766 354.9912 0004968 166.2513  52.1738  1.00270560 45040
HISPASAT 30W-5          
1 37264U 10070A   26271.89604750 -.00000211  00000+0  00000+0 0  9990
2 37264   0.0511 105.2961 0005597  75.4812 119.4809  1.00270196 54229
KOREASAT 6              
1 37265U 10070B   26270.93574228 -.00000106  00000+0  00000+0 0  9994
2 37265   0.0219 106.8504 0002415 103.8491 292.7877  1.00272027 57802
BEIDOU-2 IGSO-3         
1 37384U 11013A   26270.86057378 -.00000175  00000+0  00000+0 0  9994
2 37384  62.5600  39.1954 0034794 184.2318 199.7599  1.00288499 56697
INTELSAT 28 (IS-28)     
1 37392U 11016A   26272.10956075 -.00000219  00000+0  00000+0 0  9996
2 37392   2.0668  81.1992 0003846 116.3239 178.1270  1.00270048 54326
YAHSAT 1A               
1 37393U 11016B   26272.14350145  .00000105  00000+0  00000+0 0  9990
2 37393   0.0178 180.6017 0001833   9.2618 282.2308  1.00270328 43451
SBIRS GEO-1 (USA 230)   
1 37481U 11019A   26272.13393262  .00000106  00000+0  00000+0 0  9998
2 37481   4.7638  52.9695 0001782 136.7467 278.2237  1.00272467 56440
GSAT-8                  
1 37605U 11022A   26272.14350145  .00000090  00000+0  00000+0 0  9996
2 37605   2.3918  80.4228 0007197 161.8660 232.3960  1.00272546 54261
ST-2                    
1 37606U 11022B   26271.49178646 -.00000206  00000+0  00000+0 0  9998
2 37606   0.0226 111.7814 0002061 101.6899  58.8811  1.00270533 56317
ZHONGXING-10            
1 37677U 11026A   26271.93989605  .00000012  00000+0  00000+0 0  9998
2 37677   1.2383  50.3268 0005738 199.4522 129.4765  0.99023020 56020
SES-3                   
1 37748U 11035A   26272.09543404 -.00000097  00000+0  00000+0 0  9992
2 37748   1.5874  81.7303 0002633 125.6396  91.8704  1.00271884 55633
KAZSAT-2                
1 37749U 11035B   26271.49143979 -.00000192  00000+0  00000+0 0  9995
2 37749   0.0466 352.0954 0002046 250.0242  28.5790  1.00269242 54436
BEIDOU-2 IGSO-4         
1 37763U 11038A   26270.55809838 -.00000039  00000+0  00000+0 0  9993
2 37763  54.6021 164.7629 0160756 230.8119 265.6470  1.00265441 55676
ASTRA 1N                
1 37775U 11041A   26272.17822500  .00000124  00000+0  00000+0 0  9995
2 37775   0.0939  39.7553 0004455 123.7213 287.8550  1.00273540 45579
BSAT-3C (JCSAT-110R)    
1 37776U 11041B   26272.05114029 -.00000346  00000+0  00000+0 0  9990
2 37776   0.0452  26.5534 0000027 133.4974 336.1643  1.00270894 51517
SES-2                   
1 37809U 11049A   26272.09864072 -.00000191  00000+0  00000+0 0  9997
2 37809   0.3178  86.7636 0003017 104.9844 124.6557  1.00271247 55009
ARABSAT-5C              
1 37810U 11049B   26272.17822500  .00000128  00000+0  00000+0 0  9997
2 37810   0.0552 358.0754 0004180 198.5641 255.4976  1.00273722 55082
EUTELSAT 7 WEST A       
1 37816U 11051A   26271.40139274 -.00000055  00000+0  00000+0 0  9990
2 37816   0.0741  21.5868 0006179 163.5432 319.2746  1.00272436 54912
QUETZSAT 1              
1 37826U 11054A   26272.10054740 -.00000237  00000+0  00000+0 0  9998
2 37826   0.0219  79.6558 0002830 116.4930 130.9464  1.00272121 50915
INTELSAT 18 (IS-18)     
1 37834U 11056A   26271.58375356  .00000058  00000+0  00000+0 0  9999
2 37834   0.0187 247.5713 0002192 311.1810 198.7806  1.00269653 54843
EUTELSAT 16A            
1 37836U 11057A   26272.17822500  .00000037  00000+0  00000+0 0  9993
2 37836   0.1283  68.6329 0005621 114.1517 260.2159  1.00021426  8370
VIASAT-1                
1 37843U 11059A   26272.09300736 -.00000019  00000+0  00000+0 0  9997
2 37843   0.0190 215.8757 0002413 330.4350  99.9493  1.00270311 48369
ASIASAT 7               
1 37933U 11069A   26271.63773374 -.00000328  00000+0  00000+0 0  9992
2 37933   0.0399  82.7093 0001539  93.2856 166.4950  1.00268432 45891
BEIDOU-2 IGSO-5         
1 37948U 11073A   26270.97961485 -.00000126  00000+0  00000+0 0  9997
2 37948  47.4986 270.2599 0116511 224.3210 320.7744  1.00274862 54167
LUCH-5A                 
1 37951U 11074B   26271.65607481 -.00000040  00000+0  00000+0 0  9996
2 37951   9.0093  72.2623 0004560 136.0686 202.3403  1.00274054 54089
NIGCOMSAT 1R            
1 38014U 11077A   26272.16711500  .00000149  00000+0  00000+0 0  9994
2 38014   0.0212 214.4677 0003045 109.2395 146.9298  1.00273429 54001
WGS F4 (USA 233)        
1 38070U 12003A   26271.49187312 -.00000210  00000+0  00000+0 0  9999
2 38070   0.0177 174.1773 0000372  95.5932   3.0200  1.00272513 45184
SES-4                   
1 38087U 12007A   26271.89760751 -.00000163  00000+0  00000+0 0  9996
2 38087   0.0122 294.5275 0002416 266.0922 108.2104  1.00271924 53265
BEIDOU-2 G5             
1 38091U 12008A   26272.12741419  .00000063  00000+0  00000+0 0  9997
2 38091   3.8257  68.9261 0007320 234.5283 168.9985  1.00273028 53411
MUOS-1                  
1 38093U 12009A   26271.88218867 -.00000120  00000+0  00000+0 0  9993
2 38093   5.6864  46.9583 0051904   3.4910 174.7980  1.00270607 53484
INTELSAT 22 (IS-22)     
1 38098U 12011A   26271.48857978 -.00000054  00000+0  00000+0 0  9995
2 38098   0.0172 124.3770 0001654  62.4193  68.4648  1.00271739  8223
APSTAR-7                
1 38107U 12013A   26272.48735122 -.00000098  00000+0  00000+0 0  9993
2 38107   0.0275 111.9986 0002782  85.8850  62.3304  1.00270899 52868
YAHSAT 1B               
1 38245U 12016A   26272.14905911  .00000131  00000+0  00000+0 0  9994
2 38245   0.1001  87.0128 0001264 130.5798 251.6377  1.00270450 46659
AEHF-2 (USA 235)        
1 38254U 12019A   26272.11259411 -.00000128  00000+0  00000+0 0  9998
2 38254   6.8866  56.6539 0002700 146.5679 188.7101  1.00270648  8023
JCSAT-13                
1 38331U 12023A   26271.92655432 -.00000351  00000+0  00000+0 0  9998
2 38331   0.0159 132.5233 0002410  57.4912 275.2814  1.00270760 52592
VINASAT-2               
1 38332U 12023B   26271.60216799 -.00000323  00000+0  00000+0 0  9992
2 38332   0.0103 237.2013 0002113 312.7789 166.0565  1.00271899 47699
NIMIQ 6                 
1 38342U 12026A   26271.49648345 -.00000169  00000+0  00000+0 0  9997
2 38342   0.0171  98.8413 0002972  92.2696 263.8218  1.00272058 51458
ZHONGXING-2A            
1 38352U 12028A   26271.92197624 -.00000287  00000+0  00000+0 0  9998
2 38352   1.7139  82.3894 0001648 163.6980 191.8042  1.00271009 52338
INTELSAT 19 (IS-19)     
1 38356U 12030A   26271.60992491 -.00000051  00000+0  00000+0 0  9994
2 38356   0.0129 250.2414 0003389 310.6353 192.1088  1.00273839 51481
ECHOSTAR 17             
1 38551U 12035A   26270.66906779 -.00000070  00000+0  00000+0 0  9996
2 38551   0.0197 141.0649 0002204  52.7073 306.4720  1.00270825 52091
METEOSAT-10 (MSG-3)     
1 38552U 12035B   26268.69445431  .00000000  00000+0  00000+0 0  9992
2 38552   4.9040  60.4434 0000997 124.6493  69.5152  1.00273165 51860
SES-5                   
1 38652U 12036A   26271.26148765  .00000000  00000+0  00000+0 0  9991
2 38652   0.0138 345.1970 0002329 209.6352 271.3242  1.00271791 45491
INTELSAT 20 (IS-20)     
1 38740U 12043A   26271.13140044 -.00000019  00000+0  00000+0 0  9996
2 38740   0.0192 129.9464 0001926  42.3256 310.4581  1.00271634 51788
HYLAS 2                 
1 38741U 12043B   26272.16086218 -.00000015  00000+0  00000+0 0  9999
2 38741   2.6866  79.6688 0004637 163.7488 174.3269  1.00521456 51815
INTELSAT 21 (IS-21)     
1 38749U 12045A   26271.40409779 -.00000280  00000+0  00000+0 0  9990
2 38749   0.0379  87.1574 0002074 103.1672 264.3567  1.00271185 51551
ASTRA 2F                
1 38778U 12051A   26272.17266991  .00000154  00000+0  00000+0 0  9990
2 38778   0.0525 252.7798 0004304 319.0409 246.4967  1.00273577 42178
GSAT-10                 
1 38779U 12051B   26272.13226755 -.00000161  00000+0  00000+0 0  9990
2 38779   0.0201 220.3009 0004640 260.1665  18.1069  1.00271184 51145
INTELSAT 23 (IS-23)     
1 38867U 12057A   26272.10531409 -.00000280  00000+0  00000+0 0  9998
2 38867   0.0154 253.8340 0001802 349.4394 109.5401  1.00273782 50999
BEIDOU-2 G6             
1 38953U 12059A   26272.06120058 -.00000169  00000+0  00000+0 0  9991
2 38953   4.6771  72.3301 0006670 321.7826  79.7732  1.00274673 50953
LUCH-5B                 
1 38977U 12061A   26271.61372698 -.00000129  00000+0  00000+0 0  9995
2 38977  10.7023  48.8243 0006595 169.2006 354.0178  1.00272070 50649
YAMAL 300K              
1 38978U 12061B   26272.15203641  .00000076  00000+0  00000+0 0  9997
2 38978   0.0118 192.7951 0000272 291.6163 121.2192  1.00272768 50679
STAR ONE C3             
1 38991U 12062A   26272.10098073 -.00000245  00000+0  00000+0 0  9998
2 38991   0.0590  79.7991 0002099 109.6230 139.8344  1.00272779 50809
EUTELSAT 21B            
1 38992U 12062B   26272.17266991  .00000134  00000+0  00000+0 0  9998
2 38992   0.0694 356.9100 0002903 183.1575 271.6370  1.00271093 50879
ECHOSTAR 16             
1 39008U 12065A   26271.53338664  .00000000  00000+0  00000+0 0  9998
2 39008   0.0201 180.3734 0002128  11.7027 305.7522  1.00269290 50684
ZHONGXING-12            
1 39017U 12067A   26272.13313421 -.00000202  00000+0  00000+0 0  9996
2 39017   0.0363 112.8878 0002819  74.6603 315.8106  1.00270907 50550
EUTELSAT 70B            
1 39020U 12069A   26271.06059348 -.00000038  00000+0  00000+0 0  9995
2 39020   0.0691  12.0605 0003687 175.2931 271.8087  1.00271918 50544
YAMAL 402               
1 39022U 12070A   26272.12672086  .00000091  00000+0  00000+0 0  9995
2 39022   1.5243  82.6554 0003671 108.0224 277.7649  1.00272426 50446
SKYNET 5D               
1 39034U 12075A   26272.14350145  .00000103  00000+0  00000+0 0  9998
2 39034   0.0746   8.1824 0004132 191.6339 272.5253  1.00273014 50204
MEXSAT 3                
1 39035U 12075B   26272.09309404 -.00000022  00000+0  00000+0 0  9996
2 39035   0.0187 210.6312 0001847  19.6480  56.2950  1.00276635  8095
TDRS 11                 
1 39070U 13004A   26272.15681703  .00000085  00000+0  00000+0 0  9998
2 39070   3.6805  32.7699 0002928  39.2915 177.9144  1.00273371 47737
AMAZONAS 3              
1 39078U 13006A   26272.10375406 -.00000278  00000+0  00000+0 0  9998
2 39078   0.0175 192.3552 0005519  12.6762 139.2307  1.00270294 45967
AZERSPACE 1             
1 39079U 13006B   26271.05574013  .00000138  00000+0  00000+0 0  9991
2 39079   0.0226  98.8841 0001842 114.0642 219.9672  1.00272334 49833
SBIRS GEO-2 (USA 241)   
1 39120U 13011A   26272.03808448 -.00000139  00000+0  00000+0 0  9997
2 39120   4.7123  52.4320 0002413 146.5284  85.7753  1.00271924 49576
EUTELSAT 117 WEST A     
1 39122U 13012A   26272.02142041 -.00000009  00000+0  00000+0 0  9995
2 39122   0.0347  45.3892 0003029 149.8721  63.4657  1.00272290 49478
ANIK G1                 
1 39127U 13014A   26272.02332707 -.00000070  00000+0  00000+0 0  9990
2 39127   0.0226 104.4218 0003179  99.1042  65.3860  1.00271552 49294
ZHONGXING-11            
1 39157U 13020A   26271.92197624  .00000000  00000+0  00000+0 0  9997
2 39157   0.0116 217.4710 0000771 293.9855 286.0526  1.00271788 48930
EUTELSAT 7B             
1 39163U 13022A   26272.17822500  .00000108  00000+0  00000+0 0  9991
2 39163   0.0678 359.3063 0003406 114.2646 334.5506  1.00270994 48999
WGS F5 (USA 243)        
1 39168U 13024A   26271.46396633 -.00000279  00000+0  00000+0 0  9992
2 39168   0.0175 197.9977 0000496  24.0952 259.7185  1.00269296 48219
SES-6                   
1 39172U 13026A   26271.89396750 -.00000256  00000+0  00000+0 0  9991
2 39172   0.0377 339.0636 0002622 221.6473  88.3062  1.00270821 48761
IRNSS-1A                
1 39199U 13034A   26271.98293417  .00000085  00000+0  00000+0 0  9994
2 39199  35.9501  62.3870 0020592 179.5732 174.8711  1.00279444 48400
MUOS-2                  
1 39206U 13036A   26271.43105538 -.00000004  00000+0  00000+0 0  9993
2 39206   5.2004  45.5487 0057724 178.5915 110.2871  1.00274363 48229
ALPHASAT                
1 39215U 13038A   26271.98746546  .00000140  00000+0  00000+0 0  9995
2 39215   3.0044   0.5400 0004028 198.4834 189.1187  1.00274936 45065
INSAT-3D                
1 39216U 13038B   26272.18864324 -.00000333  00000+0  00000+0 0  9999
2 39216   2.1867  81.0984 0002241 132.5364 351.7756  1.00270842 48123
WGS F6 (USA 244)        
1 39222U 13041A   26272.08902067  .00000093  00000+0  00000+0 0  9998
2 39222   0.0017 169.6469 0000512  99.8808 355.2039  1.00271795 47100
ES'HAIL 1               
1 39233U 13044A   26272.17266991  .00000148  00000+0  00000+0 0  9993
2 39233   0.0643  12.2861 0002380 182.5893 260.7192  1.00271577 47675
GSAT-7                  
1 39234U 13044B   26272.11433531 -.00000073  00000+0  00000+0 0  9992
2 39234   0.3409  86.2845 0006000 167.4914 229.3075  1.00271758 46302
AMOS-4                  
1 39237U 13045A   26272.05738721  .00000011  00000+0  00000+0 0  9999
2 39237   0.0034 174.3437 0001133   6.4570 272.7211  1.00273086 47990
AEHF-3 (USA 246)        
1 39256U 13050A   26272.01994705  .00000036  00000+0  00000+0 0  9995
2 39256   5.5456  66.1707 0092524 188.9080 355.6448  1.00272743 46691
ASTRA 2E                
1 39285U 13056A   26272.17266991  .00000155  00000+0  00000+0 0  9991
2 39285   0.0802 313.0459 0002153 237.3076 268.2495  1.00273426 47465
FM-6                    
1 39360U 13058A   26270.66716111 -.00000011  00000+0  00000+0 0  9995
2 39360   0.0252 247.3669 0001211  20.8265 222.1216  1.00273170 47106
RADUGA-1M 3             
1 39375U 13062A   26272.12273417  .00000160  00000+0  00000+0 0  9990
2 39375   6.2191  71.0077 0001823 290.7791  85.2596  1.00271897 47156
SES-8                   
1 39460U 13071A   26272.06336725 -.00000265  00000+0  00000+0 0  9997
2 39460   0.0370 292.0227 0001900 235.7374 317.9053  1.00270714 45479
INMARSAT 5-F1           
1 39476U 13073A   26271.58874323  .00000000  00000+0  00000+0 0  9999
2 39476   0.0183 175.8721 0000581  52.5249  53.5356  1.00270514 46619
TKSAT-1 (TUPAC KATARI)  
1 39481U 13075A   26272.09855404 -.00000191  00000+0  00000+0 0  9995
2 39481   0.0497  46.2270 0002103 134.4255 135.5247  1.00272601 46644
EXPRESS-AM5             
1 39487U 13077A   26272.21487002 -.00000275  00000+0  00000+0 0  9995
2 39487   0.0259 251.1103 0001778 247.2077  87.0734  1.00271767 47409
GSAT-14                 
1 39498U 14001A   26272.11433531 -.00000073  00000+0  00000+0 0  9998
2 39498   0.0138 122.1703 0005973 103.8125 257.0996  1.00271955 46421
THAICOM 6               
1 39500U 14002A   26272.11433531 -.00000117  00000+0  00000+0 0  9992
2 39500   0.0702 104.1794 0003328  65.7837 317.6470  1.00271840 46502
TDRS 12                 
1 39504U 14004A   26271.97769080 -.00000265  00000+0  00000+0 0  9996
2 39504   4.0875  20.6467 0007450 218.8563  79.0442  1.00264158 45317
ABS-2                   
1 39508U 14006A   26272.13062087 -.00000082  00000+0  00000+0 0  9991
2 39508   0.0236  98.3287 0003545  92.6811 298.8556  1.00271127 46328
ATHENA-FIDUS            
1 39509U 14006B   26272.16711500  .00000158  00000+0  00000+0 0  9999
2 39509   0.0271 115.9004 0001498  96.3182 253.6984  1.00273075 46135
TURKSAT 4A              
1 39522U 14007A   26272.16711500  .00000150  00000+0  00000+0 0  9997
2 39522   0.0669 287.7395 0004122 321.2317 221.1325  1.00270324 46019
EXPRESS-AT1             
1 39612U 14010A   26272.13114087 -.00000115  00000+0  00000+0 0  9997
2 39612   0.5175  84.2378 0004936  89.2756 318.9920  1.00314870 45861
EXPRESS-AT2             
1 39613U 14010B   26271.61942682  .00000083  00000+0  00000+0 0  9993
2 39613   0.0158 224.7333 0000330 207.8418 213.8449  1.00272289 45537
AMAZONAS 4A             
1 39616U 14011A   26271.46517214 -.00000248  00000+0  00000+0 0  9993
2 39616   0.0606 208.0460 0006549 346.3293 266.3676  1.00272527 45745
ASTRA 5B                
1 39617U 14011B   26272.17266991  .00000141  00000+0  00000+0 0  9997
2 39617   0.0898 298.0123 0003435 269.2809 246.3242  1.00270346 45712
IRNSS-1B                
1 39635U 14017A   26266.99628252  .00000102  00000+0  00000+0 0  9995
2 39635  28.7568 238.7061 0019854 191.6103 346.2300  1.00273502 45781
LUCH-5V                 
1 39727U 14023A   26271.92197624 -.00000262  00000+0  00000+0 0  9995
2 39727   5.3853  68.5992 0002680 152.5982 213.1577  1.00275115 45402
KAZSAT-3                
1 39728U 14023B   26272.14350145  .00000065  00000+0  00000+0 0  9990
2 39728   0.0181 270.0394 0000428 232.8338 335.2351  1.00271737 43501
EUTELSAT 3B             
1 39773U 14030A   26271.26105432  .00000025  00000+0  00000+0 0  9993
2 39773   0.0671  10.7034 0004269 176.9444 276.4938  1.00272398 45107
ASIASAT 8 (AMOS-7)      
1 40107U 14046A   26271.06752685 -.00000328  00000+0  00000+0 0  9996
2 40107   0.0347  86.2242 0001782 100.1757 310.0661  1.00275192103188
ASIASAT 6               
1 40141U 14052A   26271.99698031 -.00000357  00000+0  00000+0 0  9999
2 40141   0.0158 105.1528 0000961  64.4020 317.0652  1.00271754 44122
OPTUS 10                
1 40146U 14054A   26271.86156191 -.00000142  00000+0  00000+0 0  9990
2 40146   0.0477 294.5876 0002057 252.5579 286.6775  1.00270974 44071
MEASAT-3B               
1 40147U 14054B   26272.06267390 -.00000237  00000+0  00000+0 0  9993
2 40147   0.0425  39.6605 0000918  82.1731   0.0625  1.00273572 43960
HIMAWARI-8              
1 40267U 14060A   26271.32475155 -.00000270  00000+0  00000+0 0  9998
2 40267   0.0397  45.2139 0001169 168.8652  50.6245  1.00270583 43798
IRNSS-1C                
1 40269U 14061A   26272.06094058 -.00000153  00000+0  00000+0 0  9992
2 40269   6.7771  86.9304 0019644  10.5250  15.2624  1.00268608 43736
INTELSAT 30 (IS-30)     
1 40271U 14062A   26271.54868497  .00000000  00000+0  00000+0 0  9994
2 40271   0.0107 191.0634 0001237 216.5678  62.1817  1.00268577  7835
ARSAT 1                 
1 40272U 14062B   26272.10158740 -.00000255  00000+0  00000+0 0  9994
2 40272   0.0244 291.6937 0001740 256.3165 144.6512  1.00271088 43663
EUTELSAT 53A            
1 40277U 14064A   26272.05504721  .00000103  00000+0  00000+0 0  9990
2 40277   0.0164 223.4312 0002099 333.3614 243.8697  1.00270824 42608
GSAT-16                 
1 40332U 14078A   26272.14350145  .00000089  00000+0  00000+0 0  9999
2 40332   0.0254 104.1117 0005004  17.4287 353.1245  1.00272258 43162
DIRECTV 14              
1 40333U 14078B   26272.02488707  .00000000  00000+0  00000+0 0  9996
2 40333   0.0095 200.4523 0000464 249.5617 187.5000  1.00271225 43089
YAMAL 401               
1 40345U 14082A   26271.91979428 -.00000224  00000+0  00000+0 0  9995
2 40345   0.0193 229.8779 0000281  28.4031 170.5146  1.00270329 42952
ASTRA 2G                
1 40364U 14089A   26272.17266991  .00000154  00000+0  00000+0 0  9997
2 40364   0.0622  19.4392 0001855  82.1126 356.7469  1.00272397 43015
FENGYUN 2G              
1 40367U 14090A   26271.99290696 -.00000295  00000+0  00000+0 0  9997
2 40367   5.8935  71.5070 0004208 185.1286 208.2942  1.00267587 43041
MUOS-3                  
1 40374U 15002A   26271.25732763 -.00000121  00000+0  00000+0 0  9992
2 40374   4.7195  43.8239 0058508 179.4026 221.0193  1.00272755 42621
INMARSAT 5-F2           
1 40384U 15005A   26270.82194845 -.00000280  00000+0  00000+0 0  9997
2 40384   0.0202 155.8489 0000887  24.1379  67.4782  1.00271690 42022
ABS-3A                  
1 40424U 15010A   26272.16086218 -.00000022  00000+0  00000+0 0  9995
2 40424   0.0055 179.3025 0001892 305.1400 298.3842  1.00271220 42418
EUTELSAT 115 WEST B     
1 40425U 15010B   26272.09309404 -.00000021  00000+0  00000+0 0  9992
2 40425   0.0257  35.3969 0000271  68.2376 182.8511  1.00271573 42422
EXPRESS-AM7             
1 40505U 15012A   26272.16711500  .00000155  00000+0  00000+0 0  9992
2 40505   0.0175 111.8770 0003342  85.3349 270.9105  1.00273893 42056
BEIDOU-3S IGSO-1S       
1 40549U 15019A   26269.48543381 -.00000153  00000+0  00000+0 0  9997
2 40549  49.0033 294.2333 0038963 201.5282 140.7190  1.00286165 42083
THOR 7                  
1 40613U 15022A   26272.18377992 -.00000004  00000+0  00000+0 0  9992
2 40613   0.0044 210.0989 0002882 343.9402 239.4421  1.00270770 41855
TURKMENALEM52E/MONACOSAT
1 40617U 15023A   26271.61544862  .00000108  00000+0  00000+0 0  9990
2 40617   0.0398  89.2669 0003132 102.8912  88.8455  1.00273242 41882
DIRECTV 15              
1 40663U 15026A   26272.09543404 -.00000098  00000+0  00000+0 0  9997
2 40663   0.0259 100.4141 0000429  81.7155 117.2365  1.00268903 41504
SKY MEXICO-1            
1 40664U 15026B   26272.10020073 -.00000230  00000+0  00000+0 0  9990
2 40664   0.0305 264.2586 0002269 292.3451 128.5614  1.00270802 41493
METEOSAT-11 (MSG-4)     
1 40732U 15034A   26272.17822500  .00000070  00000+0  00000+0 0  9998
2 40732   3.4569  70.3492 0000491  86.8282 284.3557  1.00277548  8262
STAR ONE C4             
1 40733U 15034B   26271.28509566 -.00000260  00000+0  00000+0 0  9996
2 40733   0.0061 300.1952 0001370 282.9392 176.5835  1.00269571 41047
WGS F7 (USA 263)        
1 40746U 15036A   26271.34002972  .00000023  00000+0  00000+0 0  9994
2 40746   0.0131 189.4590 0000324  41.9790  73.1430  1.00271107 40903
INTELSAT 34 (IS-34)     
1 40874U 15039A   26270.89310208 -.00000280  00000+0  00000+0 0  9998
2 40874   0.0244 294.7300 0000211 218.2043 119.7954  1.00273319 40662
EUTELSAT 8 WEST B       
1 40875U 15039B   26272.16086218 -.00000061  00000+0  00000+0 0  9999
2 40875   0.0672 356.9155 0003598 190.5701 230.3615  1.00271598 40695
GSAT-6                  
1 40880U 15041A   26272.13218088 -.00000155  00000+0  00000+0 0  9991
2 40880   2.1813  81.1570 0002910 109.1175 307.7621  1.00272074 40648
INMARSAT 5-F3           
1 40882U 15042A   26272.08000730  .00000055  00000+0  00000+0 0  9999
2 40882   0.0173 149.9302 0000854 221.3224 204.9919  1.00272021 40616
MUOS-4                  
1 40887U 15044A   26271.98814027 -.00000086  00000+0  00000+0 0  9991
2 40887   4.5246  42.6880 0052080   3.0865  32.7193  1.00271645 40606
TJS-1                   
1 40892U 15046A   26272.14648975 -.00000151  00000+0  00000+0 0  9998
2 40892   0.5839  83.7428 0003117  90.4461  41.5097  1.00270827 40612
EXPRESS-AM8             
1 40895U 15048A   26272.18436323 -.00000107  00000+0  00000+0 0  9990
2 40895   0.0126 239.7324 0000150 318.6945 221.9256  1.00273514 40384
BEIDOU-3S IGSO-2S       
1 40938U 15053A   26271.93708722 -.00000131  00000+0  00000+0 0  9998
2 40938  49.0702 257.5386 0065673 192.4043 351.3594  1.00280511 40398
SKY MUSTER 1 (NBN1A)    
1 40940U 15054A   26271.21702747 -.00000273  00000+0  00000+0 0  9991
2 40940   0.0146 238.4712 0001791 306.2405  40.6909  1.00272250 40297
ARSAT 2                 
1 40941U 15054B   26271.46244172 -.00000220  00000+0  00000+0 0  9994
2 40941   0.0222 277.3266 0001992 270.3714 265.0448  1.00271747 40332
MORELOS 3               
1 40946U 15056A   26271.55670255 -.00000037  00000+0  00000+0 0  9992
2 40946   3.2826  17.5750 0003360 185.0547 252.0289  1.00272385 40328
APSTAR-9                
1 40982U 15059A   26272.64285977 -.00000262  00000+0  00000+0 0  9999
2 40982   0.0609  60.5019 0002704 134.1332 187.2280  1.00269632 40158
TURKSAT 4B              
1 40984U 15060A   26272.14878133  .00000000  00000+0  00000+0 0  9999
2 40984   0.0170 185.4349 0001959   5.8004 280.2199  1.00268277 40143
ZHONGXING-2C            
1 41021U 15063A   26271.56606010 -.00000319  00000+0  00000+0 0  9997
2 41021   0.5323  86.3591 0009756 120.9480 107.2928  1.00273471 40015
GSAT-15                 
1 41028U 15065A   26272.06302058 -.00000254  00000+0  00000+0 0  9995
2 41028   0.0185 156.6300 0002128  33.3519 294.0717  1.00272156 39847
BADR-7 (ARABSAT-6B)     
1 41029U 15065B   26272.17266991  .00000149  00000+0  00000+0 0  9995
2 41029   0.0330 228.5547 0006915 356.4940 231.0611  1.00271209 39805
LAOSAT 1                
1 41034U 15067A   26271.96483427 -.00000338  00000+0  00000+0 0  9995
2 41034   0.0513  26.0203 0002239 108.1867 349.4098  1.00273121 39908
TELSTAR 12V             
1 41036U 15068A   26271.97020019 -.00000114  00000+0  00000+0 0  9995
2 41036   0.0114 123.0311 0002277  71.4318 147.5772  1.00271388 39662
ELEKTRO-L 2             
1 41105U 15074A   26272.18427656 -.00000110  00000+0  00000+0 0  9997
2 41105   6.9477  69.2010 0002217 190.9343 159.6667  1.00271663 39542
COSMOS 2513             
1 41121U 15075A   26270.72058589 -.00000133  00000+0  00000+0 0  9994
2 41121   0.0501 102.3742 0001811 120.5573 123.2657  1.00271443 39572
EXPRESS-AMU1            
1 41191U 15082A   26272.16711500  .00000160  00000+0  00000+0 0  9997
2 41191   0.0015 160.2891 0002611  44.2172 259.7050  1.00269932 39317
GAOFEN-4                
1 41194U 15083A   26272.06544726 -.00000330  00000+0  00000+0 0  9994
2 41194   0.6173  83.1034 0003655 140.6456 273.3675  1.00269350 39575
BELINTERSAT-1           
1 41238U 16001A   26272.14350145  .00000111  00000+0  00000+0 0  9999
2 41238   0.0380 274.6442 0000383 140.5742  55.8636  1.00273628 39281
IRNSS-1E                
1 41241U 16003A   26270.83586287 -.00000279  00000+0  00000+0 0  9993
2 41241  33.4584  58.2678 0021797 181.3646 179.6854  1.00269623 39115
EUTELSAT 9B             
1 41310U 16005A   26271.26226765  .00000067  00000+0  00000+0 0  9996
2 41310   0.0658  67.8004 0003066 158.0566 244.6235  1.00273022 39152
SES-9                   
1 41380U 16013A   26271.56701344 -.00000340  00000+0  00000+0 0  9991
2 41380   0.0062 177.9901 0001482 331.5541 170.2448  1.00271492 38471
EUTELSAT 65 WEST A      
1 41382U 16014A   26271.50128329 -.00000271  00000+0  00000+0 0  9997
2 41382   0.0918 300.6570 0002334 245.6640 296.2505  1.00272845 38568
IRNSS-1F                
1 41384U 16015A   26271.55193338  .00000166  00000+0  00000+0 0  9999
2 41384   5.6034  94.4002 0020580 172.7763 331.3621  1.00265287 38705
BEIDOU-2 IGSO-6         
1 41434U 16021A   26271.90912337 -.00000159  00000+0  00000+0 0  9992
2 41434  60.3773  37.0178 0062160 228.6044 165.9667  1.00278896 38520
IRNSS-1G                
1 41469U 16027A   26271.92759432 -.00000327  00000+0  00000+0 0  9990
2 41469   5.4478  95.0552 0002525  46.0670 330.0555  1.00273549 38224
JCSAT-2B                
1 41471U 16028A   26271.86121524 -.00000160  00000+0  00000+0 0  9997
2 41471   0.0196 155.1834 0001559  43.6779 272.8242  1.00271029 38176
THAICOM 8               
1 41552U 16031A   26272.11433531 -.00000117  00000+0  00000+0 0  9996
2 41552   0.0820  34.8230 0000613  98.9445 353.7838  1.00273572 37765
INTELSAT 31 (IS-31)     
1 41581U 16035A   26269.31716770 -.00000148  00000+0  00000+0 0  9993
2 41581   0.0167 222.8228 0002214   1.9278 159.5323  1.00271911 37692
BEIDOU-2 G7             
1 41586U 16037A   26271.93293304 -.00000347  00000+0  00000+0 0  9995
2 41586   1.9705  69.6702 0004514 350.9535  33.4674  1.00267335  7935
ABS-2A (MONGOLSAT-1)    
1 41588U 16038A   26271.06146015  .00000000  00000+0  00000+0 0  9993
2 41588   0.0228 199.0080 0001541 307.7446 316.9495  1.00268796 37746
EUTELSAT 117 WEST B     
1 41589U 16038B   26272.02133374 -.00000007  00000+0  00000+0 0  9993
2 41589   0.0141 337.4241 0000371 112.7194 168.3291  1.00271028 37703
BRISAT                  
1 41591U 16039A   26271.61475913 -.00000191  00000+0  00000+0 0  9993
2 41591   0.0163 250.9536 0002168 295.3510 192.9273  1.00271391 37641
ECHOSTAR 18             
1 41592U 16039B   26271.46981751  .00000000  00000+0  00000+0 0  9997
2 41592   0.0202 185.9800 0001902  13.5033 275.5425  1.00272870 37664
MUOS-5                  
1 41622U 16041A   26272.02419375 -.00000121  00000+0  00000+0 0  9990
2 41622   1.9932 304.0753 0204576 261.0024  66.4431  1.00270568 38129
TIANTONG-1 1            
1 41725U 16048A   26271.92204763 -.00000311  00000+0  00000+0 0  9993
2 41725   4.0496  44.0665 0001589  92.4232 304.5579  1.00274085 37318
JCSAT-16                
1 41729U 16050A   26272.17197608 -.00000246  00000+0  00000+0 0  9994
2 41729   0.0182 162.3763 0001235  49.3384   2.1104  1.00270536 37121
USA 270                 
1 41744U 16052A   26270.35888641 -.00000343  00000+0  00000+0 0  9993
2 41744   4.4532  75.8312 0008413 118.2902  67.3566  1.00263772 29153
USA 271                 
1 41745U 16052B   26269.69165354 -.00000177  00000+0  00000+0 0  9993
2 41745   4.4258  75.9178 0003016 175.0903 359.8162  0.99064596 28932
INTELSAT 36 (IS-36)     
1 41747U 16053A   26271.97475388  .00000000  00000+0  00000+0 0  9995
2 41747   0.0100 211.8777 0001867 129.5884  85.6801  1.00269584 36998
INSAT-3DR               
1 41752U 16054A   26272.11433531 -.00000073  00000+0  00000+0 0  9994
2 41752   0.0703  88.6305 0012414 175.5938 218.8497  1.00270970 36869
GSAT-18                 
1 41793U 16060A   26272.11433531 -.00000072  00000+0  00000+0 0  9995
2 41793   0.0451  90.6948 0002223  40.5873 351.7285  1.00271111 36574
SKY MUSTER 2 (NBN1B)    
1 41794U 16060B   26271.52291869 -.00000239  00000+0  00000+0 0  9991
2 41794   0.0172 241.9730 0001590 305.4360 152.9752  1.00272395 36558
HIMAWARI-9              
1 41836U 16064A   26271.53099162 -.00000270  00000+0  00000+0 0  9990
2 41836   0.0035 209.1533 0002066  31.3106  98.7852  1.00269973 36244
SHIJIAN-17 (SJ-17)      
1 41838U 16065A   26271.99824756 -.00000068  00000+0  00000+0 0  9993
2 41838   6.0097  71.2980 0001675  94.8795 284.1643  0.99851416 36242
GOES 16                 
1 41866U 16071A   26272.09508736 -.00000086  00000+0  00000+0 0  9990
2 41866   0.5906  84.0912 0002170 143.0537  70.2808  1.00271210 36147
TIANLIAN 1-04           
1 41869U 16072A   26272.15090976  .00000037  00000+0  00000+0 0  9998
2 41869   1.1296  81.9036 0047092  97.3260  59.8852  1.00275011 36345
WGS F8 (USA 272)        
1 41879U 16075A   26269.86459031 -.00000199  00000+0  00000+0 0  9997
2 41879   0.0151 140.6616 0000224 228.4165  97.6526  1.00269230 35846
FENGYUN 4A              
1 41882U 16077A   26272.21149001 -.00000352  00000+0  00000+0 0  9990
2 41882   2.5777  78.9469 0008368 166.5977 321.6851  1.00271577 35972
ECHOSTAR 19             
1 41893U 16079A   26271.02740000 -.00000134  00000+0  00000+0 0  9996
2 41893   0.0012 178.6382 0001634  10.7368  90.2313  1.00271721 35731
JCSAT-110A (JCSAT-15)   
1 41903U 16082A   26271.62342317  .00000000  00000+0  00000+0 0  9998
2 41903   0.0202 177.1496 0000824  41.4281 123.3256  1.00267913 35797
STAR ONE D1             
1 41904U 16082B   26272.09916073 -.00000207  00000+0  00000+0 0  9997
2 41904   0.0096 126.3190 0002141  59.2089 134.0713  1.00272103 35810
TJS-2                   
1 41911U 17001A   26272.12897419 -.00000002  00000+0  00000+0 0  9996
2 41911   1.0935  83.6678 0002229 158.9176 238.3414  1.00272965 35764
SBIRS GEO-4 (USA 273)   
1 41937U 17004A   26272.32545716 -.00000161  00000+0  00000+0 0  9995
2 41937   2.4461  45.6041 0001989 138.0505 280.4273  1.00271400 35641
HISPASAT 36W-1          
1 41942U 17006A   26271.96612683 -.00000240  00000+0  00000+0 0  9998
2 41942   0.0037 308.3445 0001018 231.1905 140.0338  1.00271512 35286
TELKOM 3S               
1 41944U 17007A   26272.04003060 -.00000358  00000+0  00000+0 0  9994
2 41944   0.0200 204.6591 0002463 352.8092 302.7781  1.00270951 35187
INTELSAT 32E (IS-32E)   
1 41945U 17007B   26271.25195427 -.00000264  00000+0  00000+0 0  9992
2 41945   0.0143 237.6156 0000450 276.1883 260.7925  1.00272745 35251
ECHOSTAR 23             
1 42070U 17014A   26271.14617814  .00000000  00000+0  00000+0 0  9994
2 42070   0.0202 180.9685 0002117  10.5435 118.1416  1.00270401 34953
WGS F9 (USA 275)        
1 42075U 17016A   26271.89960086  .00000000  00000+0  00000+0 0  9995
2 42075   0.0227 207.6113 0000384  15.7420  96.1741  1.00269457 34936
SES-10                  
1 42432U 17017A   26272.10254073 -.00000268  00000+0  00000+0 0  9997
2 42432   0.0056 157.3420 0002643  41.7379 138.8353  1.00269670 34791
CHINASAT 16 (SJ-13)     
1 42662U 17018A   26272.06640060 -.00000348  00000+0  00000+0 0  9992
2 42662   0.0864  88.4411 0007448 142.3210 271.5386  1.00273844 34796
KOREASAT 7              
1 42691U 17023A   26272.04558557 -.00000357  00000+0  00000+0 0  9997
2 42691   0.0121 325.1734 0001005 244.6999 290.2672  1.00271395 34410
SGDC                    
1 42692U 17023B   26271.18854618 -.00000245  00000+0  00000+0 0  9995
2 42692   0.0172  96.6182 0002482 102.0291 161.3722  1.00272443 34437
GSAT-9                  
1 42695U 17024A   26272.06380058 -.00000282  00000+0  00000+0 0  9990
2 42695   0.0610  89.8400 0002677  91.2083 307.1305  1.00272190 34344
INMARSAT 5-F4           
1 42698U 17025A   26271.91320757  .00000000  00000+0  00000+0 0  9994
2 42698   0.0181 182.1260 0000694  42.6416 168.1706  1.00271609 34319
SES-15                  
1 42709U 17026A   26271.56288182  .00000065  00000+0  00000+0 0  9995
2 42709   0.0423 336.1653 0000510 227.1171 237.5514  1.00268989  8465
QZS-2 (MICHIBIKI-2)     
1 42738U 17028A   26269.76830115 -.00000163  00000+0  00000+0 0  9997
2 42738  39.2816 241.6589 0748568 270.6116 270.7346  1.00257610  8640
VIASAT-2                
1 42740U 17029A   26272.10193406 -.00000261  00000+0  00000+0 0  9997
2 42740   0.0185 246.5264 0001021 278.4767 169.6420  1.00270839 34237
EUTELSAT 172B           
1 42741U 17029B   26271.58700090 -.00000001  00000+0  00000+0 0  9994
2 42741   0.0224 147.6807 0000050 146.5806  96.4514  1.00271407 34789
GSAT-19                 
1 42747U 17031A   26272.14905911  .00000130  00000+0  00000+0 0  9997
2 42747   0.0640  88.5991 0002881  48.4358 332.4123  1.00272043 34191
ECHOSTAR 21             
1 42749U 17032A   26272.17822500  .00000071  00000+0  00000+0 0  9999
2 42749   1.7863   2.3088 0002746 199.5971 240.4947  1.00271980 34144
BULGARIASAT-1           
1 42801U 17038A   26271.01433530  .00000015  00000+0  00000+0 0  9995
2 42801   0.0317  99.9656 0003806 114.2872 159.6176  1.00264234 33872
HELLAS-SAT 3            
1 42814U 17040A   26271.24558735  .00000157  00000+0  00000+0 0  9999
2 42814   0.0775  48.6464 0000932  68.0106  17.8100  1.00273492 33840
GSAT-17                 
1 42815U 17040B   26271.92197624 -.00000253  00000+0  00000+0 0  9999
2 42815   0.0433  90.8992 0005084 158.2867 183.9270  1.00270841 33822
INTELSAT 35E (IS-35E)   
1 42818U 17041A   26271.82386176  .00000000  00000+0  00000+0 0  9993
2 42818   0.0181 180.2073 0002188  14.9078  74.5654  1.00270032 33859
COSMOS 2520             
1 42907U 17046A   26272.14905911  .00000141  00000+0  00000+0 0  9993
2 42907   0.0248 130.9108 0000184 170.4722 165.2172  1.00272411 33442
TDRS 13                 
1 42915U 17047A   26272.16086218 -.00000094  00000+0  00000+0 0  9993
2 42915   3.4904   5.1971 0012872 125.2832 283.9700  1.00271236 33398
QZS-3 (MICHIBIKI-3)     
1 42917U 17048A   26271.89023417 -.00000344  00000+0  00000+0 0  9995
2 42917   0.0745 130.8792 0001576  53.0778 271.1652  1.00265903 33297
AMAZONAS 5              
1 42934U 17053A   26271.47059937 -.00000278  00000+0  00000+0 0  9996
2 42934   0.0478 321.8329 0002780 263.8430 250.0111  1.00270754 33084
ASIASAT 9               
1 42942U 17057A   26272.01780635 -.00000355  00000+0  00000+0 0  9992
2 42942   0.0089 220.1546 0002611 331.8655 304.3083  1.00273252 32920
INTELSAT 37E (IS-37E)   
1 42950U 17059A   26271.96959352  .00000000  00000+0  00000+0 0  9996
2 42950   0.0191 194.1469 0002880   1.4674 143.1829  1.00270832 33105
BSAT-4A                 
1 42951U 17059B   26272.05114029 -.00000346  00000+0  00000+0 0  9996
2 42951   0.0566  29.9774 0001032  78.1456  27.9623  1.00272348 32848
QZS-4 (MICHIBIKI-4)     
1 42965U 17062A   26271.52160646 -.00000288  00000+0  00000+0 0  9997
2 42965  40.0400 342.1662 0750116 269.9370  83.4952  1.00269966 32843
SES-11 (ECHOSTAR 105)   
1 42967U 17063A   26272.09508736 -.00000085  00000+0  00000+0 0  9994
2 42967   0.0466 288.1607 0003022 253.2180 115.7932  1.00271603 32762
KOREASAT 5A             
1 42984U 17067A   26272.05114029 -.00000354  00000+0  00000+0 0  9990
2 42984   0.0166 263.6844 0001249 323.6316 272.1006  1.00271640 32571
ALCOMSAT 1              
1 43039U 17078A   26272.11094743 -.00000182  00000+0  00000+0 0  9990
2 43039   0.0561 307.3242 0001964 245.8466 189.8720  1.00269385 32339
SBIRS GEO-3 (USA 282)   
1 43162U 18009A   26271.57532515  .00000134  00000+0  00000+0 0  9991
2 43162   2.2710  16.6516 0002098 181.6409 216.8015  1.00271755 31884
AL YAH 3                
1 43174U 18012A   26272.11181411 -.00000150  00000+0  00000+0 0  9993
2 43174   1.8126  81.6765 0003655 109.9718 196.4206  1.00272073 31886
SES-14                  
1 43175U 18012B   26271.89258082 -.00000274  00000+0  00000+0 0  9994
2 43175   0.0220  73.4012 0001116 112.3888  95.7329  1.00270863  8069
GOES 17                 
1 43226U 18022A   26272.09812072 -.00000177  00000+0  00000+0 0  9992
2 43226   1.1973  83.9239 0001299 149.7191  80.0761  1.00270492 31468
HISPASAT 30W-6          
1 43228U 18023A   26271.89604750 -.00000211  00000+0  00000+0 0  9993
2 43228   0.0518  29.2169 0002869 132.8277 138.2261  1.00270959 31447
SUPERBIRD-B3            
1 43271U 18033A   26271.60868598 -.00000087  00000+0  00000+0 0  9994
2 43271   0.0182 140.8236 0001122  68.4080 179.3159  1.00271725 31099
HYLAS 4                 
1 43272U 18033B   26271.68150059 -.00000229  00000+0  00000+0 0  9997
2 43272   0.0874 270.1251 0001059 289.6160  19.5838  1.00270358 31109
IRNSS-1I                
1 43286U 18035A   26259.08269186  .00000081  00000+0  00000+0 0  9991
2 43286  28.9650  72.7792 0020697 177.9945 189.1474  1.00272519 30997
USA 283                 
1 43339U 18036A   26269.50506183  .00000000  00000+0  00000+0 0  9991
2 43339   0.0214 184.7451 0000314  87.5390  48.9240  1.00269708 26302
COSMOS 2526             
1 43432U 18037A   26272.49757792 -.00000341  00000+0  00000+0 0  9991
2 43432   0.0223 119.4442 0000552 154.7151  41.3248  1.00269049 31003
APSTAR-6C               
1 43450U 18041A   26272.18308554 -.00000313  00000+0  00000+0 0  9999
2 43450   0.0509 353.2915 0002170 245.4925 329.1214  1.00272492 30856
BANGABANDHUSAT-1        
1 43463U 18044A   26271.49793981 -.00000357  00000+0  00000+0 0  9999
2 43463   0.0251 114.6020 0002656  85.0427 106.0167  1.00271136 30745
SES-12                  
1 43488U 18049A   26272.06336725 -.00000265  00000+0  00000+0 0  9992
2 43488   0.0366  44.1642 0002225 197.0858 244.4197  1.00270482 30462
FENGYUN 2H              
1 43491U 18050A   26272.06024723 -.00000123  00000+0  00000+0 0  9993
2 43491   3.2900  77.7572 0002916 151.0096 240.0815  1.00270922 30480
BEIDOU-2 IGSO-7         
1 43539U 18057A   26271.48757381 -.00000087  00000+0  00000+0 0  9990
2 43539  55.2111 162.1760 0107737 236.3604 256.8668  1.00272479 30166
TELSTAR 19V             
1 43562U 18059A   26269.89375605 -.00000276  00000+0  00000+0 0  9995
2 43562   0.0111 177.5030 0002613   7.6591  79.2942  1.00270226 30161
TELKOM 4 (MERAH PUTIH)  
1 43587U 18064A   26272.05114029  .00000000  00000+0  00000+0 0  9995
2 43587   0.0206 195.6799 0001689  24.3152 274.2382  1.00268785 29921
TELSTAR 18V             
1 43611U 18069A   26271.52729478 -.00000289  00000+0  00000+0 0  9999
2 43611   0.0254 256.6285 0002034 293.0052 145.5276  1.00271565 29673
AZERSPACE 2 (IS-38)     
1 43632U 18074A   26272.14905911  .00000000  00000+0  00000+0 0  9995
2 43632   0.0176 170.8860 0001461  38.1501 257.6530  1.00270433 29496
HORIZONS-3E             
1 43633U 18074B   26271.43222866 -.00000025  00000+0  00000+0 0  9996
2 43633   0.0148 188.2564 0000855  12.3263 131.2692  1.00271262 29379
AEHF-4 (USA 288)        
1 43651U 18079A   26272.10236741 -.00000271  00000+0  00000+0 0  9996
2 43651   1.4236 359.2616 0068434 358.5388 339.4328  1.00273101 29338
BEIDOU-3 G1             
1 43683U 18085A   26272.24523263 -.00000103  00000+0  00000+0 0  9995
2 43683   2.6497  94.4366 0005465  26.5129 135.4345  1.00271348 29104
GSAT-29                 
1 43698U 18089A   26272.13393262  .00000000  00000+0  00000+0 0  9992
2 43698   0.0185 204.0487 0002514 358.9395 268.1500  1.00270198 28836
ES'HAIL 2               
1 43700U 18090A   26271.55072005  .00000149  00000+0  00000+0 0  9996
2 43700   0.0167 120.1931 0001305  86.0408  25.1672  1.00274109 28717
GEO-KOMPSAT-2A          
1 43823U 18100A   26271.92742097 -.00000339  00000+0  00000+0 0  9992
2 43823   0.0465  27.8482 0001464 101.2922 340.7215  1.00271625 28679
GSAT-11                 
1 43824U 18100B   26271.97475388 -.00000072  00000+0  00000+0 0  9998
2 43824   0.0411 265.6168 0005862 219.3422 307.7129  1.00271537 28518
GSAT-7A                 
1 43864U 18105A   26272.12828086  .00000031  00000+0  00000+0 0  9996
2 43864   0.0649  86.0709 0002439 111.6984 279.0968  1.00270849 28499
COSMOS 2533             
1 43867U 18107A   26272.12966753 -.00000035  00000+0  00000+0 0  9990
2 43867   0.0177 134.8843 0000194  72.2561 277.4875  1.00273449 28496
TJS-3                   
1 43874U 18110A   26270.79956343  .00000027  00000+0  00000+0 0  9997
2 43874   2.8012  79.1429 0003541  29.5376   1.2866  1.00267841 28459
ZHONGXING-2D            
1 43920U 19001A   26272.21287668 -.00000333  00000+0  00000+0 0  9996
2 43920   0.0505  25.5220 0001532 272.2467 276.9002  1.00271680 55121
HELLAS-SAT 4 & SGS-1    
1 44034U 19007A   26271.24558735  .00000157  00000+0  00000+0 0  9990
2 44034   0.0597 131.4268 0006163  30.8416 332.2119  1.00273364 28413
GSAT-31                 
1 44035U 19007B   26269.96340878  .00000129  00000+0  00000+0 0  9993
2 44035   0.0318  92.1064 0004752 140.4846 167.9246  1.00272742 27983
NUSANTARA SATU          
1 44048U 19009A   26271.31919666 -.00000229  00000+0  00000+0 0  9990
2 44048   0.0236 150.1393 0004386   5.8932 112.0078  1.00271026 27808
ZHONGXING-6C            
1 44067U 19012A   26272.66969788 -.00000332  00000+0  00000+0 0  9999
2 44067   0.0452  14.6306 0012970  48.3074 317.0222  1.00268239 27781
WGS 10 (USA 291)        
1 44071U 19014A   26271.41499947  .00000052  00000+0  00000+0 0  9991
2 44071   0.0100 203.0013 0000257  49.0755 324.8423  1.00271968 27652
TIANLIAN 2-01           
1 44076U 19017A   26271.48953311 -.00000101  00000+0  00000+0 0  9992
2 44076   0.7987  82.3262 0003682 135.1962  43.0092  1.00271268 27681
ARABSAT-6A              
1 44186U 19021A   26270.69628124  .00000000  00000+0  00000+0 0  9999
2 44186   0.0186 348.3483 0006293 269.0628  30.2591  1.00273552 27189
BEIDOU-3 IGSO-1         
1 44204U 19023A   26271.65228929 -.00000211  00000+0  00000+0 0  9993
2 44204  58.8427  36.5943 0028021 223.8957  99.8991  1.00261219  8240
BEIDOU-2 G8             
1 44231U 19027A   26272.21565003 -.00000241  00000+0  00000+0 0  9990
2 44231   1.9141  74.2220 0008778 277.3015 238.5792  1.00276434 27129
YAMAL 601               
1 44307U 19031A   26272.19675662  .00000124  00000+0  00000+0 0  9998
2 44307   0.0187 167.8897 0002467  24.8623 295.0680  1.00271632 26972
AT&T T-16               
1 44333U 19034A   26271.17925522 -.00000110  00000+0  00000+0 0  9996
2 44333   0.0147 133.5169 0000335 282.7124 274.4406  1.00271840 26666
EUTELSAT 7C             
1 44334U 19034B   26271.54690670  .00000054  00000+0  00000+0 0  9997
2 44334   0.0663 182.3777 0003377 350.8464  38.0084  1.00272462  7879
BEIDOU-3 IGSO-2         
1 44337U 19035A   26272.50357236 -.00000107  00000+0  00000+0 0  9996
2 44337  55.2493 157.9464 0038589 210.4282 300.7892  1.00267983 26710
COSMOS 2539             
1 44457U 19048A   26270.85322519  .00000086  00000+0  00000+0 0  9990
2 44457   0.0169 133.8517 0000170 112.8500  79.1186  1.00271683 26250
EDRS-C                  
1 44475U 19049A   26272.17197608 -.00000258  00000+0  00000+0 0  9999
2 44475   0.0122 199.3917 0001267 358.3260  14.6541  1.00270560 26250
INTELSAT 39 (IS-39)     
1 44476U 19049B   26271.13018711  .00000038  00000+0  00000+0 0  9997
2 44476   0.0148 226.0109 0000681 245.5560   4.1837  1.00271052 26168
AMOS-17                 
1 44479U 19050A   26271.26382766  .00000115  00000+0  00000+0 0  9996
2 44479   0.0363 337.4981 0001804 212.6018 288.9465  1.00274211 26222
AEHF-5 (USA 292)        
1 44481U 19051A   26272.06302058 -.00000253  00000+0  00000+0 0  9999
2 44481   1.3865 344.8140 0029045   9.4326 129.3130  1.00267849 26301
EUTELSAT 5 WEST B       
1 44624U 19067A   26272.16086218 -.00000038  00000+0  00000+0 0  9994
2 44624   0.0652 354.3348 0003254 196.7123 229.8145  1.00271449 25464
MEV-1                   
1 44625U 19067B   26271.79498823  .00000084  00000+0  00000+0 0  9992
2 44625   0.7745 267.6611 0004331 345.9109 106.4090  0.99718111   475
TJS-4                   
1 44637U 19070A   26272.13235420 -.00000165  00000+0  00000+0 0  9991
2 44637   0.0963 285.0308 0004480  24.8794 189.1479  1.00272408 25583
BEIDOU-3 IGSO-3         
1 44709U 19073A   26270.43080726 -.00000162  00000+0  00000+0 0  9999
2 44709  54.6300 279.7822 0046627 198.4307 161.4154  1.00258989 25481
TIBA-1                  
1 44800U 19080A   26272.16711500  .00000160  00000+0  00000+0 0  9999
2 44800   0.0600 355.7305 0002564 201.4781 266.4325  1.00275205 25098
INMARSAT GX5            
1 44801U 19080B   26272.17822500  .00000000  00000+0  00000+0 0  9997
2 44801   0.0176  11.0913 0002081 200.5480 231.4593  1.00270363  7824
JCSAT-18 (KACIFIC 1)    
1 44868U 19091A   26271.61457076 -.00000196  00000+0  00000+0 0  9999
2 44868   0.0545 336.3759 0000440 267.0410 135.2525  1.00270856 25043
ELEKTRO-L 3             
1 44903U 19095A   26272.17266991  .00000027  00000+0  00000+0 0  9991
2 44903   0.2115  78.1613 0002747  89.3160 287.9233  0.99409745 24753
SHIJIAN-20 (SJ-20)      
1 44910U 19097A   26272.05253387  .00000155  00000+0  00000+0 0  9995
2 44910   5.1785  73.7219 0003273 167.8788 185.3887  1.00269113 24734
TJS-5                   
1 44978U 20002A   26271.99822259 -.00000338  00000+0  00000+0 0  9993
2 44978   0.2536  82.8128 0006904 354.8099  37.0500  1.00271673 24756
GSAT-30                 
1 45026U 20005A   26272.13226755 -.00000160  00000+0  00000+0 0  9990
2 45026   0.0528  88.7750 0001565  71.2019 338.5488  1.00270334 24551
EUTELSAT KONNECT        
1 45027U 20005B   26271.19059402  .00000055  00000+0  00000+0 0  9991
2 45027   0.0669  97.4576 0001937 130.9531 214.4192  1.00270060 25366
JCSAT-17                
1 45245U 20013A   26272.00010031 -.00000314  00000+0  00000+0 0  9997
2 45245   5.3995 357.8219 0004596 191.9368 314.0509  1.00270721 24276
GEO-KOMPSAT-2B          
1 45246U 20013B   26271.89023325 -.00000339  00000+0  00000+0 0  9991
2 45246   0.0460 337.0385 0001754 252.2518 227.1426  1.00272370 24321
BEIDOU-3 G2             
1 45344U 20017A   26271.56146675 -.00000134  00000+0  00000+0 0  9995
2 45344   2.6130  48.6220 0002454 144.4116  96.5064  1.00271075 24292
AEHF-6 (USA 298)        
1 45465U 20022B   26272.18864324 -.00000296  00000+0  00000+0 0  9991
2 45465   2.3359 302.7405 0043342   9.2404 261.6160  1.00275093 24054
BEIDOU-3 G3             
1 45807U 20040A   26272.06640060 -.00000348  00000+0  00000+0 0  9995
2 45807   2.6958  67.3655 0002955 281.1938 153.7772  1.00271324 23110
APSTAR-6D               
1 45863U 20045A   26272.18308554 -.00000313  00000+0  00000+0 0  9996
2 45863   0.0431 111.3336 0001906 331.1757 125.3960  1.00268988 22908
KOREASAT 116            
1 45920U 20048A   26272.04558557 -.00000357  00000+0  00000+0 0  9996
2 45920   0.0153 257.0409 0001186 298.7966 304.6255  1.00273472 22680
EXPRESS 103             
1 45985U 20053A   26272.54384382 -.00000277  00000+0  00000+0 0  9992
2 45985   0.0346 255.3109 0000597 179.8641 225.4468  1.00273237 22693
EXPRESS 80              
1 45986U 20053B   26263.15064726 -.00000146  00000+0  00000+0 0  9992
2 45986   0.0271 170.2364 0064633  63.5597 259.7327  1.00286177 22599
BSAT-4B                 
1 46112U 20056A   26271.62342368 -.00000345  00000+0  00000+0 0  9990
2 46112   0.0357 126.0865 0003930  38.4033 177.1863  1.00269917 22423
MEV-2                   
1 46113U 20056B   26272.18377992 -.00000006  00000+0  00000+0 0  9998
2 46113   0.0212 246.1526 0000407  17.4120 169.5706  1.00272014 81644
GALAXY 30 (G-30)        
1 46114U 20056C   26272.01977373  .00000000  00000+0  00000+0 0  9993
2 46114   0.0179 177.3344 0002480  22.0426  50.5270  1.00270464 22337
GAOFEN-13 01            
1 46610U 20071A   26272.04003061 -.00000358  00000+0  00000+0 0  9995
2 46610   0.1667  80.3659 0059331 122.0916 298.1808  1.00266615 21963
TIANTONG-1 2            
1 46916U 20082A   26271.35649921 -.00000351  00000+0  00000+0 0  9993
2 46916   0.7017 344.6517 0001164 255.7583  20.0333  1.00272928 21689
LUCAS (JDRS-1)          
1 47202U 20089A   26271.91988095 -.00000231  00000+0  00000+0 0  9996
2 47202   0.0212 251.8653 0002557 314.9353 222.8447  1.00273092 21454
SXM-7                   
1 47240U 20096A   26271.46109345 -.00000200  00000+0  00000+0 0  9995
2 47240   0.0158 144.7203 0004537 343.7341 319.6539  1.00271474  8479
CMS-01                  
1 47256U 20099A   26272.06094058 -.00000160  00000+0  00000+0 0  9991
2 47256   0.0800  87.4928 0005817 166.9687 218.3258  1.00272228 21248
TURKSAT 5A              
1 47306U 21001A   26272.17266991  .00000159  00000+0  00000+0 0  9997
2 47306   0.0134 116.9903 0000154 129.8857 214.1741  1.00271036 21013
TIANTONG-1 3            
1 47321U 21003A   26272.06068057 -.00000151  00000+0  00000+0 0  9990
2 47321   1.6972 345.9373 0003631 217.8959 267.3993  1.00271732 21007
TJS-6                   
1 47613U 21010A   26272.15116976  .00000048  00000+0  00000+0 0  9990
2 47613   0.0147 169.9097 0003777  20.4426  50.5490  1.00274598 20852
SBIRS GEO-5 (USA 315)   
1 48618U 21042A   26272.06310725 -.00000267  00000+0  00000+0 0  9993
2 48618   4.9827 329.9399 0002124 227.4870 286.9374  1.00271423 19810
FENGYUN 4B              
1 48808U 21047A   26271.92274095 -.00000325  00000+0  00000+0 0  9997
2 48808   0.4081  80.9676 0008159 278.5348  85.1048  1.00271805 19605
SXM-8                   
1 48838U 21049A   26270.39826684 -.00000201  00000+0  00000+0 0  9992
2 48838   0.0415  36.3528 0005524 359.5558  28.5368  1.00271856 19604
TIANLIAN 1-05           
1 49011U 21063A   26272.17822501  .00000113  00000+0  00000+0 0  9995
2 49011   1.8541  79.6040 0004288 149.8004 219.5551  1.00270478 19120
STAR ONE D2             
1 49055U 21069A   26269.82104743 -.00000261  00000+0  00000+0 0  9993
2 49055   0.0060 167.9139 0002580  13.7319  49.5681  1.00272635 18970
EUTELSAT QUANTUM        
1 49056U 21069B   26271.55505339  .00000131  00000+0  00000+0 0  9998
2 49056   0.0279  65.6340 0002392 126.7809  62.4627  1.00273039 18963
ZHONGXING-2E            
1 49062U 21071A   26271.92197624 -.00000287  00000+0  00000+0 0  9996
2 49062   0.0555 307.2022 0001399 284.6329 205.8321  1.00269526 19079
TJS-7                   
1 49115U 21077A   26272.02488708 -.00000120  00000+0  00000+0 0  9995
2 49115   0.0979 258.2337 0001642  89.8078 289.2930  1.00272522 10599
CHINASAT 9B             
1 49125U 21080A   26271.99959881 -.00000308  00000+0  00000+0 0  9998
2 49125   0.0100 208.7115 0003391 352.4204 267.9304  1.00272573 18696
SHIJIAN-21 (SJ-21)      
1 49330U 21094A   26271.67205192 -.00000340  00000+0  00000+0 0  9991
2 49330   5.3530  60.4705 0054259 173.4190 143.3310  1.00278020  6392
SES-17                  
1 49332U 21095A   26269.46528168 -.00000269  00000+0  00000+0 0  9999
2 49332   0.0434  25.2678 0001074 160.5368 279.8891  1.00269982 18870
SYRACUSE 4A             
1 49333U 21095B   26272.14905911  .00000139  00000+0  00000+0 0  9999
2 49333   0.0193 226.5659 0001527 311.4797 289.0629  1.00270978 18996
QZS-1R (MICHIBIKI-1R)   
1 49336U 21096A   26270.35871309 -.00000193  00000+0  00000+0 0  9998
2 49336  37.6730  78.0742 0744661 270.0877 281.8232  1.00282955 18030
ZHONGXING-1D            
1 49505U 21114A   26272.21279002 -.00000332  00000+0  00000+0 0  9991
2 49505   0.0561 339.9812 0001695 279.9931 314.8203  1.00271277 17863
STPSAT-6                
1 49817U 21118A   26272.02237374 -.00000039  00000+0  00000+0 0  9990
2 49817   0.5817  83.9367 0001399 197.0390 342.9587  1.00272279 17612
EXPRESS AMU-7           
1 50001U 21123A   26272.45461391 -.00000238  00000+0  00000+0 0  9999
2 50001   0.0203 249.0386 0000185 344.0582  83.8154  1.00271365 17580
EXPRESS AMU-3           
1 50002U 21123B   26271.69318329 -.00000317  00000+0  00000+0 0  9995
2 50002   0.0285 249.4468 0000539 155.7875 314.7990  1.00271657  8073
TIANLIAN 2-02           
1 50005U 21124A   26271.32210442 -.00000008  00000+0  00000+0 0  9993
2 50005   1.0602  84.3096 0004235 156.7383  53.0093  1.00271980 17655
TURKSAT 5B              
1 50212U 21126A   26271.26859435  .00000151  00000+0  00000+0 0  9997
2 50212   0.0789 334.6310 0002274 318.0319 213.0991  1.00272069 17332
INMARSAT 6-F1           
1 50319U 21128A   26271.90739311  .00000000  00000+0  00000+0 0  9991
2 50319   0.0174 187.5013 0000297  45.6173 184.9870  1.00268448 17290
SHIYAN-12 01 (SY-12 01) 
1 50321U 21129A   26270.48654698  .00000087  00000+0  00000+0 0  9996
2 50321   3.9306  78.4552 0002255 174.8617 338.9672  1.00481924 17525
SHIYAN-12 02 (SY-12 02) 
1 50322U 21129B   26270.82575322 -.00000065  00000+0  00000+0 0  9998
2 50322   3.9297  78.4424 0004163 104.4728 281.2726  1.00440300 17539
TJS-9                   
1 50574U 21135A   26272.17753060 -.00000294  00000+0  00000+0 0  9995
2 50574   0.0486  97.2948 0005441 234.4138 237.3934  1.00270186 17474
GOES 18                 
1 51850U 22021A   26272.08867402  .00000101  00000+0  00000+0 0  9990
2 51850   0.0068 336.1876 0000585 278.5676   8.0481  1.00270919  7634
ZHONGXING-6D            
1 52255U 22038A   26271.63228091  .00000000  00000+0  00000+0 0  9991
2 52255   0.0331 165.9227 0002737  59.3042 134.7508  1.00268974 16453
NILESAT 301             
1 52817U 22061A   26271.90055419 -.00000054  00000+0  00000+0 0  9993
2 52817   0.0627  13.9501 0001416 185.9203 124.9645  1.00271054 15770
CMS-02 (GSAT-24)        
1 52903U 22067A   26271.60580106 -.00000160  00000+0  00000+0 0  9996
2 52903   0.0225 108.6073 0002829 152.0657  47.8004  1.00271385 15648
MEASAT 3D               
1 52904U 22067B   26271.96919876 -.00000237  00000+0  00000+0 0  9991
2 52904   0.0459   9.7501 0002410 239.6286 198.8098  1.00271424 15689
SES-22                  
1 52933U 22071A   26272.08832735  .00000000  00000+0  00000+0 0  9997
2 52933   0.0157 197.6562 0001146   9.0671  53.9435  1.00273711  8568
WFOV (USA 332)          
1 52940U 22073A   26271.49793981 -.00000355  00000+0  00000+0 0  9994
2 52940   3.9684  77.1386 0002810 167.6250  61.1010  1.00270217 15401
TIANLIAN 2-03           
1 53100U 22078A   26272.11788080  .00000077  00000+0  00000+0 0  9992
2 53100   0.9311  77.8029 0001834 152.8013 190.2913  1.00272259 15586
SBIRS GEO-6 (USA 336)   
1 53355U 22092A   26270.21875740 -.00000291  00000+0  00000+0 0  9998
2 53355   3.0980 319.3133 0001996 227.6511  36.8196  1.00271353 15253
EUTELSAT KONNECT VHTS   
1 53765U 22110A   26272.18377992  .00000021  00000+0  00000+0 0  9998
2 53765   0.0561 102.6183 0002524  65.4697 268.7563  1.00268012  7870
ZHONGXING-1E            
1 53813U 22112A   26272.06068057 -.00000145  00000+0  00000+0 0  9998
2 53813   0.0467 356.6668 0003594 269.0597 205.4012  1.00271036 14894
SES-20                  
1 53960U 22123A   26272.09543404 -.00000097  00000+0  00000+0 0  9996
2 53960   0.0388  79.1975 0001545  41.5580 178.3967  1.00273182 14572
SES-21                  
1 53961U 22123B   26272.01864705  .00000074  00000+0  00000+0 0  9993
2 53961   0.0365  64.2940 0001026 113.6796  65.5414  1.00271152  8256
GALAXY 33 (G-33)        
1 54026U 22128A   26272.01821373  .00000083  00000+0  00000+0 0  9995
2 54026   0.0291 271.2781 0001938 277.1485  52.9457  1.00271258 14782
GALAXY 34 (G-34)        
1 54027U 22128B   26271.31519133  .00000064  00000+0  00000+0 0  9995
2 54027   0.0125 242.0843 0001887 320.3365 149.1649  1.00268008 14944
ANGOSAT 2               
1 54033U 22131A   26272.19164326  .00000000  00000+0  00000+0 0  9993
2 54033   0.0190 184.5940 0000528  34.4847 240.8557  1.00272263 14518
EUTELSAT HOTBIRD 13F    
1 54048U 22134A   26271.54820670  .00000092  00000+0  00000+0 0  9992
2 54048   0.0636 285.8178 0001887  70.4419 221.4380  1.00272190 14418
LDPE-2                  
1 54219U 22144A   26272.18377992 -.00000173  00000+0  00000+0 0  9999
2 54219   5.8465  62.6551 0000604 223.8693 147.0184  0.98891051 12884
EUTELSAT HOTBIRD 13G    
1 54225U 22146A   26271.30461519  .00000092  00000+0  00000+0 0  9999
2 54225   0.0517 237.6548 0002023 305.1931 306.9173  1.00270462  8501
ZHONGXING-19            
1 54230U 22148A   26272.14813641 -.00000077  00000+0  00000+0 0  9991
2 54230   0.0434 257.6354 0005085 293.9602  32.8402  1.00271426 14421
GALAXY 31 (G-31)        
1 54243U 22153A   26272.02055374  .00000017  00000+0  00000+0 0  9992
2 54243   0.0202 236.5797 0001398 323.3116  54.3252  1.00273055  8173
GALAXY 32 (G-32)        
1 54244U 22153B   26272.02627375 -.00000170  00000+0  00000+0 0  9990
2 54244   0.0167 250.1040 0000467  17.8075  18.3668  1.00271061 14186
EUTELSAT 10B            
1 54259U 22157A   26272.17822500  .00000073  00000+0  00000+0 0  9994
2 54259   0.0565  99.3259 0001186   5.3094 337.5200  1.00272691 14066
GALAXY 35 (G-35)        
1 54741U 22170A   26272.09742737 -.00000158  00000+0  00000+0 0  9994
2 54741   0.0139 135.0367 0002088  56.1769 118.6456  1.00271001 13932
GALAXY 36 (G-36)        
1 54742U 22170B   26271.88435535 -.00000181  00000+0  00000+0 0  9992
2 54742   0.0140 181.0165 0001673 320.6229  95.4117  1.00271161 13822
METEOSAT-12 (MTG-I1)    
1 54743U 22170C   26272.18377992 -.00000003  00000+0  00000+0 0  9992
2 54743   0.7476  21.4416 0003279  97.2497 315.0254  1.00273826 14022
SHIJIAN-23 (SJ-23)      
1 55131U 23002A   26270.63240762  .00000037  00000+0  00000+0 0  9997
2 55131   3.9732  76.9566 0003250 223.6246   1.2309  1.00024636 13534
APSTAR-6E               
1 55239U 23005A   26272.28489698 -.00000313  00000+0  00000+0 0  9993
2 55239   0.0262 232.9869 0004359 342.0016  29.6671  1.00271303 19741
USA 342                 
1 55263U 23008A   26268.98429868  .00000000  00000+0  00000+0 0  9990
2 55263   0.0127 185.5742 0000213  91.7174 105.7821  1.00270900 13524
ELEKTRO-L 4             
1 55506U 23016A   26271.51933551 -.00000054  00000+0  00000+0 0  9991
2 55506   0.0836  64.4420 0002217 133.7301 161.8490  1.00271070 13371
AMAZONAS NEXUS          
1 55508U 23017A   26270.25885032 -.00000278  00000+0  00000+0 0  9992
2 55508   0.0562  25.4890 0002506 121.2418 251.5415  1.00273342  8067
ZHONGXING-26            
1 55686U 23023A   26272.48378258 -.00000350  00000+0  00000+0 0  9991
2 55686   0.0577  63.4468 0001998  71.9351 172.1278  1.00272445 13271
LUCH-5X (OLYMP-K 2)     
1 55841U 23031A   26270.20359066  .00000037  00000+0  00000+0 0  9998
2 55841   0.0181 117.8305 0000722  54.8218 328.6394  1.00277415 12969
GAOFEN-13 02            
1 55912U 23036A   26271.63199560 -.00000213  00000+0  00000+0 0  9998
2 55912   1.0172  13.8450 0003619 297.1178  72.2108  1.00273073 13131
SES-18                  
1 55970U 23038A   26270.50565387 -.00000096  00000+0  00000+0 0  9992
2 55970   0.0358 270.0062 0002813 321.0230 214.2353  1.00272018 13124
SES-19                  
1 55971U 23038B   26270.66352110  .00000092  00000+0  00000+0 0  9993
2 55971   0.0424 277.0287 0001767 269.7184 283.7210  1.00273390 13125
INTELSAT 40E (IS-40E)   
1 56174U 23052A   26271.99987350 -.00000170  00000+0  00000+0 0  9990
2 56174   0.0100 198.0614 0002766 356.8943  81.7995  1.00271317 12862
VIASAT-3 F1             
1 56370U 23060A   26271.49704747 -.00000180  00000+0  00000+0 0  9990
2 56370   0.0200 229.4215 0000346 303.2789 284.5873  1.00268638 12469
ARCTURUS                
1 56371U 23060B   26271.99698030 -.00000356  00000+0  00000+0 0  9998
2 56371   3.0353  78.5850 0001083 199.9740 207.8918  1.00269981 12501
GS-1                    
1 56372U 23060C   26269.82653979 -.00000176  00000+0  00000+0 0  9991
2 56372   2.9810  78.5345 0003069 264.0957  45.9507  1.00248216  8550
BEIDOU-3 G4             
1 56564U 23066A   26272.21487002 -.00000276  00000+0  00000+0 0  9990
2 56564   0.4437   1.8838 0005769 208.6288  14.8663  1.00274723 12439
ARABSAT-7B (BADR-8)     
1 56757U 23075A   26270.98051314  .00000150  00000+0  00000+0 0  9999
2 56757   0.0777  23.4972 0001391 337.1109  25.1697  1.00271242 12145
NVS-01 (IRNSS-1J)       
1 56759U 23076A   26271.99880030 -.00000333  00000+0  00000+0 0  9993
2 56759   1.9299 239.5150 0006471   3.8782 253.5009  1.00268556 12151
NUSANTARA TIGA (SATRIA) 
1 57045U 23086A   26271.19280620  .00000000  00000+0  00000+0 0  9994
2 57045   0.0182   2.0266 0003172 284.9088 295.4471  1.00268738 10796
H2SAT (HEINRICH HERTZ)  
1 57213U 23093A   26269.98202093  .00000007  00000+0  00000+0 0  9998
2 57213   0.0454  41.1714 0000107 247.6200  71.2339  1.00272623 11932
SYRACUSE 4B             
1 57214U 23093B   26270.99904546  .00000000  00000+0  00000+0 0  9997
2 57214   0.0218 195.1626 0000181  69.3399  95.4955  1.00270344  7994
JUPITER 3 (ECHOSTAR 24) 
1 57479U 23108A   26271.24501887  .00000000  00000+0  00000+0 0  9997
2 57479   0.0210 165.6553 0000977  22.6891 171.6540  1.00268641 11687
GALAXY 37 (G-37)        
1 57493U 23112A   26272.09066735  .00000000  00000+0  00000+0 0  9990
2 57493   0.0193 187.4445 0002289  21.1260  64.9282  1.00271990 11584
LUDI TANCE-4 01A        
1 57624U 23120A   26271.78830477 -.00000185  00000+0  00000+0 0  9997
2 57624  15.0385 191.4259 0004188  50.7514 138.8291  1.00273174 11584
TJS-10                  
1 58204U 23169A   26270.79135625 -.00000242  00000+0  00000+0 0  9992
2 58204   2.8008  79.1535 0004663 137.2809 167.4893  1.00270479 10568
ZHONGXING-6E            
1 58253U 23172A   26272.04558556 -.00000357  00000+0  00000+0 0  9999
2 58253   0.0168 228.0013 0002554 324.6049 307.1636  1.00269891 10700
YAOGAN-41               
1 58582U 23197A   26272.21149001 -.00000361  00000+0  00000+0 0  9996
2 58582   2.9507 314.9580 0013594 214.3621  37.9044  1.00266303 10362
OVZON-3                 
1 58698U 24003A   26272.14350145  .00000055  00000+0  00000+0 0  9995
2 58698   0.0126 194.9782 0000167 275.2955   9.0393  1.00272203  8498
INSAT-3DS               
1 58990U 24033A   26272.13209420 -.00000151  00000+0  00000+0 0  9999
2 58990   0.0186 168.6682 0001512  33.5373 295.3504  1.00270699 48114
MERAH PUTIH 2           
1 58995U 24035A   26272.05114029 -.00000353  00000+0  00000+0 0  9991
2 58995   0.0201 205.5610 0001205   9.2557 284.3981  1.00271050  9635
TJS-11                  
1 59020U 24037A   26272.63705308 -.00000362  00000+0  00000+0 0  9993
2 59020   4.0719 328.4493 0003284 286.1132  95.7377  1.00270377  9635
HULIANWAN GAOGUI-01 (H*)
1 59069U 24040A   26272.16711500  .00000160  00000+0  00000+0 0  9994
2 59069   0.0964 341.2707 0001489  22.9309  97.5331  1.00271689  8371
EUTELSAT 36D            
1 59346U 24059A   26272.16711500  .00000160  00000+0  00000+0 0  9992
2 59346   0.0015 156.3595 0000293 127.5390 180.0872  1.00270950  9199
PAKSAT-MM1              
1 59915U 24104A   26271.48190642  .00000159  00000+0  00000+0 0  9995
2 59915   0.0262 213.7714 0002068 329.5901  35.5922  1.00271191  8568
ASTRA 1P (SES-24)       
1 60086U 24115A   26271.26426100  .00000125  00000+0  00000+0 0  9998
2 60086   0.0619 355.7889 0002911 235.1485 250.4759  1.00272840  8233
GOES 19                 
1 60133U 24119A   26272.10098073 -.00000244  00000+0  00000+0 0  9996
2 60133   0.0436  19.1877 0000707 241.9952  67.8770  1.00271969  8005
ZHONGXING-3A            
1 60179U 24122A   26272.06466726 -.00000309  00000+0  00000+0 0  9991
2 60179   0.0217   4.3876 0002994 213.9358 274.3711  1.00269851  8351
TURKSAT 6A              
1 60233U 24127A   26272.16711500  .00000150  00000+0  00000+0 0  9994
2 60233   0.0195 190.7672 0004853  15.5919 263.7428  1.00273885  8063
HULIANWAN GAOGUI-02 (H*)
1 60327U 24135A   26272.31502987 -.00000169  00000+0  00000+0 0  9992
2 60327   0.0687 352.3639 0004430 351.8024 290.4169  1.00271058  8537
ZHONGXING-4A            
1 60606U 24151A   26271.94319575 -.00000359  00000+0  00000+0 0  9998
2 60606   1.0547 269.9238 0001142  20.1259 175.4607  1.00273811  7799
HULIANWAN GAOGUI-03 (H*)
1 61503U 24181A   26272.43574549 -.00000237  00000+0  00000+0 0  9992
2 61503   0.0759 355.4376 0000361 125.0175 327.4725  1.00266437  7873
DSN-3 (KIRAMEKI-3)      
1 61733U 24198A   26272.17197608 -.00000245  00000+0  00000+0 0  9992
2 61733   0.0182 155.4950 0001314  31.7516  26.6985  1.00271275  6966
KOREASAT 6A             
1 61910U 24206A   26272.04558557 -.00000357  00000+0  00000+0 0  9993
2 61910   0.0099 182.1256 0000932  10.4794 307.6692  1.00271291  6889
OPTUS-X (ADS-01)        
1 62006U 24212A   26271.86164859 -.00000138  00000+0  00000+0 0  9991
2 62006   0.0361 265.0213 0002811 286.8818 282.3604  1.00271498  6809
GSAT-N2 (GSAT-20)       
1 62028U 24214A   26272.12932087 -.00000015  00000+0  00000+0 0  9997
2 62028   0.0416  92.6133 0001036 232.6906 157.1699  1.00269228  6940
SXM-9                   
1 62259U 24234A   26268.89143586  .00000000  00000+0  00000+0 0  9995
2 62259   0.0131 212.3875 0004694  97.4093 290.6679  1.00270737  6589
TJS-12                  
1 62374U 24246A   26271.93097433 -.00000226  00000+0  00000+0 0  9995
2 62374   0.4720 314.5841 0000969 182.3461 352.4667  1.00272759  6600
NUVIEW ALPHA            
1 62455U 24252B   26271.06045596 -.00000210  00000+0  00000+0 0  9992
2 62455   0.0610  20.9949 0000557 234.0511  50.4808  1.00272262  4851
AGILA                   
1 62456U 24252C   26271.60669081 -.00000085  00000+0  00000+0 0  9994
2 62456   0.0381 119.7841 0001293 159.9907 102.3777  1.00525881  6196
NUVIEW BRAVO            
1 62457U 24252D   26271.88556867 -.00000210  00000+0  00000+0 0  9992
2 62457   0.0647 158.6044 0001761  38.9459  45.8397  1.00271297  4834
THURAYA-4               
1 62483U 25001A   26271.24558735  .00000144  00000+0  00000+0 0  9995
2 62483   0.0225 102.3574 0000141 124.9109 272.4837  1.00272417  5213
SHIJIAN-25 (SJ-25)      
1 62485U 25002A   26270.81190831 -.00000342  00000+0  00000+0 0  9990
2 62485   5.3520  60.4522 0047422 180.3499 185.4830  1.00263996  6397
TJS-14                  
1 62804U 25017A   26272.19077660  .00000119  00000+0  00000+0 0  9999
2 62804   0.5683 306.6110 0003865 320.9870 187.4719  1.00274061  6310
SPAINSAT NG I           
1 62852U 25021A   26270.98111979  .00000000  00000+0  00000+0 0  9993
2 62852   0.0169 196.3557 0000279  10.3370 182.2611  1.00272877  5010
QZS-6 (MICHIBIKI-6)     
1 62876U 25023A   26272.06250058 -.00000229  00000+0  00000+0 0  9998
2 62876   0.0241 287.4975 0002159 276.9129 276.4889  1.00270869  5993
ZHONGXING-10R           
1 63075U 25036A   26272.05114029 -.00000347  00000+0  00000+0 0  9991
2 63075   0.0516 244.0764 0005075 303.4375 309.2561  1.00269209  6005
TJS-15                  
1 63157U 25045A   26270.83356338 -.00000211  00000+0  00000+0 0  9997
2 63157   0.4660  84.4732 0000775 187.1168 123.8141  1.00268711  5785
TIANLIAN 2-04           
1 63361U 25062A   26272.06033390 -.00000136  00000+0  00000+0 0  9996
2 63361   4.1162 273.0131 0033646   8.0221 188.5549  1.00272864  5642
TJS-16                  
1 63397U 25064A   26270.82198700 -.00000098  00000+0  00000+0 0  9993
2 63397   1.3549  80.5291 0002012 229.8138 152.8973  1.00271601  5429
TJS-17                  
1 63524U 25073A   26270.82379720 -.00000064  00000+0  00000+0 0  9991
2 63524   1.3211  81.5522 0001928 175.8055 210.3415  1.00271640  5321
TIANLIAN 2-05           
1 63662U 25084A   26272.19112326  .00000124  00000+0  00000+0 0  9991
2 63662   4.1963 278.7222 0000780 248.8962 289.5337  1.00270239  5424
TJS-19                  
1 63924U 25097A   26270.81993725 -.00000274  00000+0  00000+0 0  9990
2 63924   3.1259 319.2623 0006517 271.3596 212.3821  1.00274875  5170
CHINASAT 3B             
1 64062U 25106A   26272.14891642 -.00000041  00000+0  00000+0 0  9990
2 64062   0.0053  68.7193 0002889 140.2843  19.8308  1.00270786  5107
SXM-10                  
1 64290U 25122A   26271.02367332 -.00000012  00000+0  00000+0 0  9999
2 64290   0.0054 106.5961 0001493 237.8377 274.7664  1.00271815  4717
COSMOS 2589             
1 64467U 25131A   26270.78658829 -.00000327  00000+0  00000+0 0  9990
2 64467   0.1944  88.7408 0014230 352.6203 335.5499  1.00441050  4583
CHINASAT 9C             
1 64470U 25132A   26272.06276058 -.00000243  00000+0  00000+0 0  9995
2 64470   0.0390 246.2777 0003174 303.7652 292.6190  1.00272578  5197
MTG-S1                  
1 64723U 25143A   26272.18377992 -.00000002  00000+0  00000+0 0  9993
2 64723   0.6156 343.6353 0004126 256.0846 194.1943  1.00273937  4460
DROR 1                  
1 64784U 25148A   26272.16086218 -.00000029  00000+0  00000+0 0  9990
2 64784   0.0331  88.0321 0001155 160.1773 173.6551  1.00273158  4332
SHIYAN-29               
1 65486U 25196A   26271.58007815 -.00000267  00000+0  00000+0 0  9998
2 65486  28.9300  17.2360 0016072 178.8200 115.2682  1.00283030  3919
NUSANTARA LIMA (NUSANT*)
1 65588U 25205A   26270.92646890 -.00000353  00000+0  00000+0 0  9997
2 65588   0.0038 132.2575 0000566 119.8108 201.0506  1.00272044  3743
TJS-20                  
1 66142U 25238A   26272.05695389  .00000024  00000+0  00000+0 0  9997
2 66142   5.2470 299.2032 0003364 256.5740 254.9447  1.00273038  3373
CMS-03 (GSAT-7R)        
1 66311U 25249B   26272.11433531 -.00000073  00000+0  00000+0 0  9998
2 66311   0.0131 233.7751 0000670 328.2068 281.0715  1.00272003  3398
VIASAT-3 F2             
1 66454U 25261A   26271.46487588 -.00000229  00000+0  00000+0 0  9991
2 66454   0.0140 262.4732 0001306 358.3181 194.8382  1.00271441  3825
SHIJIAN-28 (SJ-28)      
1 66549U 25277A   26271.94530372 -.00000361  00000+0  00000+0 0  9993
2 66549   4.2789 270.5384 0001379  64.8109 129.5669  1.00269414  3197
TJS-22                  
1 66990U 25290A   26272.12897419 -.00000005  00000+0  00000+0 0  9992
2 66990   1.2854 288.6103 0004794 325.0876 227.1598  1.00273663  3066
TJS-23                  
1 67226U 25306A   26271.31708549  .00000015  00000+0  00000+0 0  9998
2 67226   5.3604 297.0094 0004203 267.1225  92.6148  1.00269917  2926
FENGYUN 4C              
1 67246U 25312A   26271.60146512 -.00000317  00000+0  00000+0 0  9991
2 67246   0.0193   8.6107 0001022 277.2104  71.1478  1.00273422  2900
SHIJIAN-29A (SJ-29A)    
1 67302U 25315A   26271.66793145 -.00000062  00000+0  00000+0 0  9990
2 67302   3.6531  92.6014 0006183  78.7355 149.9709  1.00269193  2656
SHIJIAN-29B (SJ-29B)    
1 67403U 25315C   26271.66793187 -.00000062  00000+0  00000+0 0  9998
2 67403   3.6522  92.5964 0007102  95.2688 133.4751  1.00269039  2728
ELEKTRO-L 5             
1 67756U 26028A   26270.77050681  .00000000  00000+0  00000+0 0  9998
2 67756   0.0199  69.3378 0001600 103.8902 186.7741  1.00269780  2276
JAM-E JAM 1             
1 67757U 26028B   26271.48103975  .00000161  00000+0  00000+0 0  9991
2 67757   0.1579  12.3774 0000332 291.4608 270.4864  1.00273295  2156
ECHOSTAR 25             
1 68126U 26045A   26272.09404736  .00000000  00000+0  00000+0 0  9990
2 68126   0.0195 187.1421 0001665  11.4452  93.1429  1.00270124  2039
TJS-24                  
1 69235U 26116A   26272.00833345 -.00000227  00000+0  00000+0 0  9996
2 69235   0.2693  87.7618 0001950 175.9505 197.4050  1.00270089  1274
