COSMOS 2433 (720)       
1 32275U 07052A   26272.56009679 -.00000011  00000+0  00000+0 0  9995
2 32275  65.5124 312.4165 0005778 230.8454 129.1758  2.13104282147287
COSMOS 2434 (721)       
1 32393U 07065A   26272.41122188  .00000038  00000+0  00000+0 0  9993
2 32393  64.3183 188.4029 0002120  50.8003  84.3003  2.13101336145996
COSMOS 2436 (723)       
1 32395U 07065C   26272.79284512  .00000037  00000+0  00000+0 0  9995
2 32395  64.3267 188.4637 0017555   1.9468 197.7614  2.13100080145954
COSMOS 2456 (730)       
1 36111U 09070A   26272.50683677  .00000025  00000+0  00000+0 0  9994
2 36111  65.0782  67.4179 0001306 340.1516  27.0330  2.13103609130651
COSMOS 2457 (733)       
1 36112U 09070B   26271.89356550  .00000024  00000+0  00000+0 0  9992
2 36112  65.0642  67.2807 0005964 135.6710 247.4886  2.13101063130645
COSMOS 2460 (732)       
1 36402U 10007C   26265.40205623 -.00000008  00000+0  00000+0 0  9993
2 36402  65.3592 311.1726 0002578 222.5647 222.5420  2.13101986128805
COSMOS 2476 (744)       
1 37867U 11064A   26274.28895921  .00000032  00000+0  00000+0 0  9991
2 37867  65.3367  69.2935 0022966 230.5481 332.1373  2.13103698116020
COSMOS 2477 (745)       
1 37868U 11064B   26273.80387499  .00000030  00000+0  00000+0 0  9993
2 37868  65.3426  69.3902 0019852 230.3307 140.2287  2.13102851116018
COSMOS 2475 (743)       
1 37869U 11064C   26267.52397483  .00000043  00000+0  00000+0 0  9994
2 37869  65.3462  69.6239 0024905 245.5374 301.9912  2.13101751115885
COSMOS 2485 (747)       
1 39155U 13019A   26273.96249817  .00000032  00000+0  00000+0 0  9996
2 39155  65.4851  70.0587 0023530 225.9130 133.9033  2.13103077104535
COSMOS 2492 (754)       
1 39620U 14012A   26272.51366859 -.00000008  00000+0  00000+0 0  9997
2 39620  65.2315 310.3851 0012329 306.3925  53.5649  2.13103472 97461
COSMOS 2500 (755)       
1 40001U 14032A   26274.09030431 -.00000010  00000+0  00000+0 0  9996
2 40001  65.1657 310.0699 0009513 207.4857 152.5288  2.13101559 95716
COSMOS 2501 (702K)      
1 40315U 14075A   26273.88408784  .00000028  00000+0  00000+0 0  9995
2 40315  63.6158 186.7158 0021835 209.0390 150.8858  2.13101413 92105
COSMOS 2514 (751)       
1 41330U 16008A   26271.52241325 -.00000005  00000+0  00000+0 0  9992
2 41330  64.9555 309.4537 0013772 212.0919 147.8978  2.13102593 82822
COSMOS 2522 (752)       
1 42939U 17055A   26274.17548985  .00000025  00000+0  00000+0 0  9998
2 42939  64.0786 188.2799 0008741 233.6390 126.3239  2.13102060 70233
COSMOS 2527 (756)       
1 43508U 18053A   26271.79146325  .00000031  00000+0  00000+0 0  9994
2 43508  65.6412  70.4551 0007448 213.2998 146.6653  2.13102200 64489
COSMOS 2529 (757)       
1 43687U 18086A   26272.35671229  .00000038  00000+0  00000+0 0  9994
2 43687  64.2953 189.0799 0009815 254.0862 105.8452  2.13102091 61508
COSMOS 2534 (758)       
1 44299U 19030A   26272.40925312  .00000038  00000+0  00000+0 0  9995
2 44299  64.3686 189.1102 0011100 276.4237 258.4530  2.13102166 57145
COSMOS 2544 (759)       
1 44850U 19088A   26269.85872441  .00000036  00000+0  00000+0 0  9998
2 44850  65.6277  70.3411 0012306 244.4708 115.4211  2.13103039 52883
COSMOS 2545 (760)       
1 45358U 20018A   26274.27696654 -.00000009  00000+0  00000+0 0  9990
2 45358  64.2862 308.6842 0012159 238.1693 121.7746  2.13102637 50925
COSMOS 2547 (705K)      
1 46805U 20075A   26273.99835839  .00000028  00000+0  00000+0 0  9999
2 46805  64.5996 188.9473 0007981 234.1584 125.8100  2.13099807 46169
COSMOS 2557 (706K)      
1 52984U 22075A   26274.16168699 -.00000013  00000+0  00000+0 0  9994
2 52984  64.2309 310.7462 0012997 270.2221  89.6935  2.13102224 32979
COSMOS 2559 (707K)      
1 54031U 22130A   26273.98158122 -.00000013  00000+0  00000+0 0  9990
2 54031  64.2036 310.8315 0013401 190.0234 170.0147  2.13101552 30941
COSMOS 2564 (761)       
1 54377U 22161A   26271.94752366  .00000039  00000+0  00000+0 0  9998
2 54377  64.7416 189.2708 0010515 215.9397 144.0272  2.13101982 29849
COSMOS 2569 (703K)      
1 57517U 23114A   26274.30581814  .00000032  00000+0  00000+0 0  9990
2 57517  65.3691  69.0459 0008717 286.7788  73.1349  2.13102476 24525
COSMOS 2584 (704K)      
1 63130U 25042A   26273.25387626  .00000028  00000+0  00000+0 0  9993
2 63130  65.1510  69.2342 0006790 203.5737 156.4042  2.13103238 12286
COSMOS 2596 (708K)      
1 65590U 25206B   26273.56513103 -.00000013  00000+0  00000+0 0  9997
2 65590  64.5680 311.3105 0012783 301.5806  52.4630  2.13100534  8157
