INTELSAT 902 (IS-902)   
1 26900U 01039A   26278.20890215 -.00000295  00000+0  00000+0 0  9997
2 26900   6.3886  70.3904 0004013 125.0003 203.6400  1.00273158 91790
INTELSAT 904 (IS-904)   
1 27380U 02007A   26277.81165374 -.00000237  00000+0  00000+0 0  9999
2 27380   7.1887  67.8223 0003569 138.7790  67.6204  1.00271309 52868
DIRECTV 5 (TEMPO 1)     
1 27426U 02023A   26278.25924103 -.00000070  00000+0  00000+0 0  9995
2 27426   5.1533  73.8787 0003323 130.7209 152.5888  1.00271377 89229
INTELSAT 905 (IS-905)   
1 27438U 02027A   26278.17612954  .00000082  00000+0  00000+0 0  9993
2 27438   7.0244  68.4261 0003831 159.4056  72.2464  1.00271930 52460
GALAXY 3C (G-3C)        
1 27445U 02030A   26278.14568074 -.00000166  00000+0  00000+0 0  9999
2 27445   4.0212  76.5985 0001145  58.9137 195.9405  1.00271214 47593
INTELSAT 906 (IS-906)   
1 27513U 02041A   26276.90409469  .00000003  00000+0  00000+0 0  9990
2 27513   6.0725  71.5323 0003523 139.4140 191.3144  1.00271519 88113
GALAXY 13 (HORIZONS-1)  
1 27954U 03044A   26278.31609184  .00000117  00000+0  00000+0 0  9992
2 27954   1.6971  82.2771 0002327 134.1653 121.3547  1.00272086 47670
INTELSAT 10-02          
1 28358U 04022A   26277.88901637 -.00000027  00000+0  00000+0 0  9998
2 28358   0.0124 237.5093 0000380  44.0103  51.1229  1.00272073 81659
DIRECTV 8               
1 28659U 05019A   26278.27850539 -.00000016  00000+0  00000+0 0  9995
2 28659   0.0157 242.2706 0002884 315.5942 157.3269  1.00271986 78179
GALAXY 28 (G-28)        
1 28702U 05022A   26277.81252042 -.00000213  00000+0  00000+0 0  9991
2 28702   3.5744  77.5002 0001862 111.9231  89.5242  1.00271039 53078
GALAXY 16 (G-16)        
1 29236U 06023A   26278.01217028 -.00000143  00000+0  00000+0 0  9996
2 29236   0.0143 164.5744 0002711  32.6314  81.8945  1.00270968 74079
DIRECTV 9S              
1 29494U 06043A   26277.92483558 -.00000268  00000+0  00000+0 0  9994
2 29494   2.6996  79.4492 0008211 194.2517 200.2484  0.99095606 52481
GALAXY 17 (G-17)        
1 31307U 07016B   26277.58721356 -.00000219  00000+0  00000+0 0  9990
2 31307   3.2420  78.4298 0004482 149.3887 271.8884  1.00270682 70903
INTELSAT 11 (IS-11)     
1 32253U 07044B   26278.16572544 -.00000174  00000+0  00000+0 0  9990
2 32253   3.8456  77.2420 0008420 140.8463 217.2983  0.99051211 69538
HORIZONS-2              
1 32388U 07063B   26278.29207921 -.00000268  00000+0  00000+0 0  9992
2 32388   2.8797  79.1646 0002041 143.8899 182.2934  1.00269487 68911
DIRECTV 11              
1 32729U 08013A   26278.18716115 -.00000142  00000+0  00000+0 0  9996
2 32729   0.0328  34.5957 0000163 193.0471 114.4408  1.00271526 46697
GALAXY 18 (G-18)        
1 32951U 08024A   26278.27753837  .00000009  00000+0  00000+0 0  9998
2 32951   0.0197 220.3347 0002994 337.8824 152.6701  1.00270855 46953
GALAXY 19 (G-19)        
1 33376U 08045A   26277.53605955 -.00000154  00000+0  00000+0 0  9990
2 33376   0.0119 221.6504 0002531 334.0461 273.5423  1.00271621 66005
FM-5                    
1 35493U 09034A   26277.87214736 -.00000216  00000+0  00000+0 0  9990
2 35493   0.0243 258.6929 0000199 197.3742 145.3467  1.00272582 47747
INTELSAT 14 (IS-14)     
1 36097U 09064A   26278.24419931 -.00000290  00000+0  00000+0 0  9992
2 36097   0.1930  83.6703 0002611 124.5768 208.6088  1.00270764 61703
INTELSAT 15 (IS-15)     
1 36106U 09067A   26278.11989745 -.00000201  00000+0  00000+0 0  9999
2 36106   0.0300  76.2924 0002709 139.6136 286.2187  1.00270409 42337
DIRECTV 12              
1 36131U 09075A   26278.14320340  .00000000  00000+0  00000+0 0  9995
2 36131   0.0089  89.9219 0000224  84.9166 147.8083  1.00270039 47658
INTELSAT 16 (IS-16)     
1 36397U 10006A   26277.89352306  .00000066  00000+0  00000+0 0  9995
2 36397   0.0209 273.2805 0002430 314.7286 128.8747  1.01414567 60752
XM-5                    
1 37185U 10053A   26277.93763660 -.00000039  00000+0  00000+0 0  9998
2 37185   0.0687 269.8719 0000243 213.5190 112.6155  1.00271713 58588
INTELSAT 17 (IS-17)     
1 37238U 10065B   26278.08655943 -.00000018  00000+0  00000+0 0  9998
2 37238   0.0206 239.5519 0002401 310.1867 281.2102  1.00273712 54356
INTELSAT 28 (IS-28)     
1 37392U 11016A   26278.24419931 -.00000240  00000+0  00000+0 0  9996
2 37392   2.0841  81.1155 0003680 122.6006 226.4346  1.00270780 54388
INTELSAT 18 (IS-18)     
1 37834U 11056A   26277.85360061  .00000037  00000+0  00000+0 0  9999
2 37834   0.0218 253.7333 0002258 317.0300 290.0834  1.00270026 54918
INTELSAT 22 (IS-22)     
1 38098U 12011A   26278.08655943 -.00000075  00000+0  00000+0 0  9999
2 38098   0.0147 226.5759 0001609 319.5979 290.8813  1.00271155  8299
INTELSAT 19 (IS-19)     
1 38356U 12030A   26277.85074059 -.00000072  00000+0  00000+0 0  9991
2 38356   0.0143 251.5199 0003092 310.1477 284.1515  1.00269952 51550
INTELSAT 20 (IS-20)     
1 38740U 12043A   26277.87460965 -.00000040  00000+0  00000+0 0  9994
2 38740   0.0238 132.9436 0001428  45.4537 218.5250  1.00271231 51846
INTELSAT 21 (IS-21)     
1 38749U 12045A   26277.87774965 -.00000301  00000+0  00000+0 0  9993
2 38749   0.0203 219.3505 0002188 340.0365  72.1882  1.00270827 51622
INTELSAT 23 (IS-23)     
1 38867U 12057A   26278.16383765 -.00000301  00000+0  00000+0 0  9994
2 38867   0.0177 259.5769 0002302 355.6356 124.6137  1.00268283 51057
FM-6                    
1 39360U 13058A   26278.27898766 -.00000032  00000+0  00000+0 0  9990
2 39360   0.0276 255.0941 0000027  88.0246  14.9591  1.00269228 47179
INTELSAT 30 (IS-30)     
1 40271U 14062A   26277.14609355 -.00000165  00000+0  00000+0 0  9995
2 40271   0.0133 141.1774 0001262 256.4787 292.7589  1.00271676  7883
DIRECTV 14              
1 40333U 14078B   26278.18716159  .00000000  00000+0  00000+0 0  9994
2 40333   0.0113 165.4275 0000207 262.2161 274.3599  1.00269200 43140
DIRECTV 15              
1 40663U 15026A   26278.05358419 -.00000119  00000+0  00000+0 0  9993
2 40663   0.0295  93.1789 0000160 159.3080  37.6838  1.00271147 41561
SKY MEXICO-1            
1 40664U 15026B   26277.87362069 -.00000250  00000+0  00000+0 0  9995
2 40664   0.0177 237.0077 0002221 327.9733  44.3002  1.00271259 41559
INTELSAT 34 (IS-34)     
1 40874U 15039A   26276.30741582 -.00000296  00000+0  00000+0 0  9990
2 40874   0.0206 298.5049 0000269 308.1521 180.5605  1.00271761 40719
INTELSAT 31 (IS-31)     
1 41581U 16035A   26277.31265666 -.00000165  00000+0  00000+0 0  9994
2 41581   0.0094 212.7246 0002095  30.7750 147.0406  1.00272079 37770
INTELSAT 36 (IS-36)     
1 41747U 16053A   26277.47506637 -.00000039  00000+0  00000+0 0  9991
2 41747   0.0087  46.6511 0002158 293.5285 272.5165  1.00272284 37052
INTELSAT 32E (IS-32E)   
1 41945U 17007B   26277.80940041  .00000000  00000+0  00000+0 0  9996
2 41945   0.0229 194.9007 0000274 359.3083  67.5108  1.00270208 35322
INTELSAT 35E (IS-35E)   
1 42818U 17041A   26277.66842062 -.00000253  00000+0  00000+0 0  9993
2 42818   0.0229 100.7379 0002154 102.9274  15.8288  1.00270011 33912
INTELSAT 37E (IS-37E)   
1 42950U 17059A   26278.24201135 -.00000157  00000+0  00000+0 0  9997
2 42950   0.0182 251.5953 0002940 312.0575 239.4142  1.00270440 33167
AZERSPACE 2 (IS-38)     
1 43632U 18074A   26278.18325109  .00000000  00000+0  00000+0 0  9990
2 43632   0.0221 185.9242 0001539  17.2128 281.8197  1.00271518 29557
HORIZONS-3E             
1 43633U 18074B   26278.20777786 -.00000047  00000+0  00000+0 0  9998
2 43633   0.0028 185.8015 0000774  18.8848  53.0152  1.00271186 29445
AT&T T-16               
1 44333U 19034A   26278.01182361 -.00000132  00000+0  00000+0 0  9996
2 44333   0.0165 114.0062 0000293 297.5471 225.5689  1.00271619 26736
INTELSAT 39 (IS-39)     
1 44476U 19049B   26278.18654443  .00000016  00000+0  00000+0 0  9993
2 44476   0.0207 222.6325 0000458 224.3420  56.0181  1.00275156 26233
GALAXY 30 (G-30)        
1 46114U 20056C   26278.17982299  .00000000  00000+0  00000+0 0  9999
2 46114   0.0203 180.6228 0002475  22.1868 110.7885  1.00270667 22390
GALAXY 33 (G-33)        
1 54026U 22128A   26278.09624485  .00000063  00000+0  00000+0 0  9992
2 54026   0.0181 236.3283 0001967 323.5570  75.5599  1.00271847 14841
GALAXY 34 (G-34)        
1 54027U 22128B   26278.14875758  .00000042  00000+0  00000+0 0  9997
2 54027   0.0238 247.5145 0001418 303.5829 107.3052  1.00272684 15010
GALAXY 31 (G-31)        
1 54243U 22153A   26278.27802382 -.00000003  00000+0  00000+0 0  9990
2 54243   0.0034 189.7609 0001361  12.0865 151.2105  1.00270785  8238
GALAXY 32 (G-32)        
1 54244U 22153B   26278.14646348 -.00000191  00000+0  00000+0 0  9993
2 54244   0.0164 255.6530 0000677  24.3838  55.5332  1.00271066 14243
GALAXY 35 (G-35)        
1 54741U 22170A   26278.18907324 -.00000179  00000+0  00000+0 0  9998
2 54741   0.0160 214.3993 0002060 347.5155 146.9367  1.00271068 13992
GALAXY 36 (G-36)        
1 54742U 22170B   26277.51589983 -.00000200  00000+0  00000+0 0  9997
2 54742   0.0218 143.6872 0001459   2.8155 323.4475  1.00270885 13885
GALAXY 37 (G-37)        
1 57493U 23112A   26278.06922981  .00000032  00000+0  00000+0 0  9992
2 57493   0.0202 249.6069 0002230 318.8424  63.2405  1.00271642 11642
