IRIDIUM 106             
1 41917U 17003A   26280.42280281  .00000157  00000+0  48911-4 0  9997
2 41917  86.3981  41.5997 0001857 100.0707 260.0698 14.34217515509299
IRIDIUM 103             
1 41918U 17003B   26280.41012231  .00000142  00000+0  43628-4 0  9999
2 41918  86.3980  41.5047 0002082  89.2296 270.9139 14.34216377509315
IRIDIUM 109             
1 41919U 17003C   26280.41648088  .00000083  00000+0  22647-4 0  9997
2 41919  86.3982  41.5633 0002065  94.1870 265.9562 14.34217580509280
IRIDIUM 102             
1 41920U 17003D   26280.38474767  .00000002  00000+0 -62402-5 0  9992
2 41920  86.3979  41.4982 0002002  96.2573 263.8851 14.34217622509362
IRIDIUM 105             
1 41921U 17003E   26280.27357627  .00000173  00000+0  54727-4 0  9994
2 41921  86.4024  10.0115 0002407  92.9039 267.2432 14.34217565511209
IRIDIUM 104             
1 41922U 17003F   26280.39743387  .00000045  00000+0  91292-5 0  9997
2 41922  86.3981  41.5366 0002286  88.3236 271.8222 14.34217632509357
IRIDIUM 114             
1 41923U 17003G   26280.40377577 -.00000069  00000+0 -31650-4 0  9993
2 41923  86.3981  41.5174 0001984  91.7178 268.4245 14.34217369509334
IRIDIUM 108             
1 41924U 17003H   26280.29252679  .00000089  00000+0  24837-4 0  9995
2 41924  86.4020   9.8868 0002222  96.1287 264.0162 14.34218707511175
IRIDIUM 112             
1 41925U 17003J   26280.39109013  .00000176  00000+0  55717-4 0  9998
2 41925  86.3976  41.3590 0002128  92.3222 267.8217 14.34217403509351
IRIDIUM 111             
1 41926U 17003K   26280.37840495 -.00000017  00000+0 -13061-4 0  9995
2 41926  86.3979  41.4381 0001969  93.1718 266.9703 14.34217702509335
IRIDIUM 113             
1 42803U 17039A   26280.49790598  .00000026  00000+0  21614-5 0  9992
2 42803  86.3912 275.2194 0002294  88.1515 271.9944 14.34217739487289
IRIDIUM 123             
1 42804U 17039B   26280.53938537  .00000147  00000+0  45419-4 0  9997
2 42804  86.3941 306.6915 0002092  91.4444 268.6992 14.34218534486050
IRIDIUM 120             
1 42805U 17039C   26280.63109756  .00000115  00000+0  33902-4 0  9991
2 42805  86.3901 274.9313 0002168  91.4672 268.6772 14.34218493487290
IRIDIUM 115             
1 42806U 17039D   26280.50386086  .00000117  00000+0  28904-4 0  9999
2 42806  86.4438 275.1286 0002114  87.2105 272.9338 14.43280127490466
IRIDIUM 118             
1 42807U 17039E   26280.50132973  .00000106  00000+0  30636-4 0  9997
2 42807  86.3942 306.7051 0002260  93.5437 266.6018 14.34218398486042
IRIDIUM 117             
1 42808U 17039F   26280.52035495  .00000161  00000+0  50499-4 0  9991
2 42808  86.3939 306.6536 0002174  91.7352 268.4093 14.34219241486070
IRIDIUM 126             
1 42809U 17039G   26280.54572775  .00000047  00000+0  98363-5 0  9997
2 42809  86.3942 306.6961 0002227  90.1269 270.0182 14.34218009486053
IRIDIUM 124             
1 42810U 17039H   26280.29901689  .00000201  00000+0  53822-4 0  9993
2 42810  86.4466 243.4558 0002229  84.5917 275.5538 14.43281404491281
IRIDIUM 128             
1 42811U 17039J   26280.25739220  .00000109  00000+0  31722-4 0  9992
2 42811  86.4000 338.3267 0002146  97.0321 263.1120 14.34218369486041
IRIDIUM 121             
1 42812U 17039K   26280.14614478  .00000059  00000+0  14163-4 0  9992
2 42812  86.3943 306.8918 0002230  94.1118 266.0333 14.34218065485877
IRIDIUM 133             
1 42955U 17061A   26280.21933648  .00000123  00000+0  36758-4 0  9992
2 42955  86.4003 338.4632 0002172  95.5883 264.5561 14.34217937470839
IRIDIUM 100             
1 42956U 17061B   26280.21299465  .00000066  00000+0  16491-4 0  9993
2 42956  86.4001 338.3819 0002205  95.2686 264.8762 14.34218017470835
IRIDIUM 122             
1 42957U 17061C   26280.46035505  .00000018  00000+0 -77944-6 0  9994
2 42957  86.3997 338.2788 0002062  92.9258 267.2174 14.34218017470871
IRIDIUM 129             
1 42958U 17061D   26280.20665227  .00000021  00000+0  34242-6 0  9994
2 42958  86.3998 338.4530 0002292  92.8704 267.2754 14.34217740470854
IRIDIUM 119             
1 42959U 17061E   26280.59354572  .00000139  00000+0  42710-4 0  9992
2 42959  86.4004 338.2879 0002159  92.6593 267.4850 14.34216742470922
IRIDIUM 107             
1 42960U 17061F   26280.19396654  .00000090  00000+0  25058-4 0  9999
2 42960  86.4002 338.4760 0001982  92.1185 268.0238 14.34217050470872
IRIDIUM 132             
1 42961U 17061G   26280.20030872  .00000013  00000+0 -22760-5 0  9993
2 42961  86.3999 338.4526 0002104  94.5737 265.5699 14.34217794470871
IRIDIUM 136             
1 42962U 17061H   26280.58086501  .00000130  00000+0  39524-4 0  9999
2 42962  86.4004 338.3013 0002179  96.5966 263.5478 14.34217622470949
IRIDIUM 139             
1 42963U 17061J   26280.23836391  .00000060  00000+0  14232-4 0  9993
2 42963  86.4005 338.5079 0002164  94.9439 265.2004 14.34218185470901
IRIDIUM 125             
1 42964U 17061K   26280.57452208  .00000047  00000+0  97647-5 0  9999
2 42964  86.4006 338.4305 0002136  82.0959 278.0479 14.34217859470969
IRIDIUM 135             
1 43070U 17083A   26280.47887810 -.00000025  00000+0 -16111-4 0  9996
2 43070  86.3906 275.0569 0002131  89.1418 271.0022 14.34217285460247
IRIDIUM 138             
1 43071U 17083B   26280.50424821 -.00000001  00000+0 -75884-5 0  9997
2 43071  86.3918 274.7587 0002184  86.4681 273.6765 14.34217545460237
IRIDIUM 116             
1 43072U 17083C   26280.47253511  .00000149  00000+0  45994-4 0  9999
2 43072  86.3904 275.0442 0002053  95.0483 265.0947 14.34217547460260
IRIDIUM 130             
1 43073U 17083D   26280.51059108  .00000015  00000+0 -17929-5 0  9992
2 43073  86.3912 275.3146 0001940  90.2278 269.9140 14.34217451460214
IRIDIUM 151             
1 43074U 17083E   26280.48522072  .00000014  00000+0 -22113-5 0  9994
2 43074  86.3907 275.0991 0002231  90.9239 269.2212 14.34217327460239
IRIDIUM 134             
1 43075U 17083F   26280.45350851  .00000079  00000+0  21297-4 0  9997
2 43075  86.3907 275.1219 0002169  89.0168 271.1276 14.34217926460196
IRIDIUM 137             
1 43076U 17083G   26280.53596199  .00000168  00000+0  52765-4 0  9997
2 43076  86.3910 275.1824 0002305  97.1263 263.0195 14.34217169460279
IRIDIUM 141             
1 43077U 17083H   26280.45984898  .00000064  00000+0  15952-4 0  9998
2 43077  86.3905 275.0386 0002262  88.2430 271.9025 14.34218221460264
IRIDIUM 153             
1 43078U 17083J   26280.41202958  .00000168  00000+0  52885-4 0  9996
2 43078  86.3943 243.5253 0002296  82.8067 277.3389 14.34216923461365
IRIDIUM 131             
1 43079U 17083K   26280.44716449 -.00000025  00000+0 -15964-4 0  9996
2 43079  86.3909 275.2375 0002170  89.6600 270.4844 14.34217484460197
IRIDIUM 144             
1 43249U 18030A   26280.41837123  .00000152  00000+0  47255-4 0  9995
2 43249  86.3942 243.4490 0002168  88.4095 271.7349 14.34218945446225
IRIDIUM 149             
1 43250U 18030B   26280.35494686  .00000157  00000+0  49074-4 0  9999
2 43250  86.3940 243.4414 0002265  83.8290 276.3164 14.34217725446237
IRIDIUM 157             
1 43251U 18030C   26280.37397414  .00000032  00000+0  42398-5 0  9998
2 43251  86.3942 243.4892 0002210  85.3326 274.8122 14.34217895446210
IRIDIUM 140             
1 43252U 18030D   26280.39300218  .00000036  00000+0  57667-5 0  9996
2 43252  86.3941 243.4934 0002200  85.5245 274.6202 14.34217749446279
IRIDIUM 145             
1 43253U 18030E   26280.58962124  .00000137  00000+0  41727-4 0  9999
2 43253  86.3941 243.3834 0002044  91.0607 269.0823 14.34217220446235
IRIDIUM 146             
1 43254U 18030F   26280.43105688  .00000081  00000+0  21772-4 0  9994
2 43254  86.3942 243.4614 0002152  87.8894 272.2548 14.34218461446222
IRIDIUM 148             
1 43255U 18030G   26280.39934495  .00000036  00000+0  56379-5 0  9998
2 43255  86.3942 243.5195 0002277  87.5312 272.6145 14.34217539446253
IRIDIUM 142             
1 43256U 18030H   26280.43740026  .00000043  00000+0  84593-5 0  9996
2 43256  86.3939 243.3885 0002149  89.0999 271.0443 14.34218094446228
IRIDIUM 150             
1 43257U 18030J   26280.40568714  .00000176  00000+0  55694-4 0  9992
2 43257  86.3941 243.5215 0002154  86.4658 273.6784 14.34217892446243
IRIDIUM 143             
1 43258U 18030K   26280.45642788  .00000135  00000+0  41023-4 0  9998
2 43258  86.3945 243.5974 0002138  86.2374 273.9067 14.34217474446181
IRIDIUM 161             
1 43478U 18047C   26280.41562179  .00000183  00000+0  48346-4 0  9999
2 43478  86.4501  41.5103 0002313  93.1741 266.9724 14.43280696441323
IRIDIUM 152             
1 43479U 18047D   26280.42914394  .00000146  00000+0  45082-4 0  9994
2 43479  86.3976  41.3672 0002131  93.1934 266.9506 14.34219084438574
IRIDIUM 147             
1 43480U 18047E   26280.43549065  .00000081  00000+0  21864-4 0  9996
2 43480  86.3978  41.3715 0002038  97.3981 262.7447 14.34219721438576
IRIDIUM 110             
1 43481U 18047F   26280.37206299  .00000079  00000+0  21081-4 0  9997
2 43481  86.3981  41.4930 0002366  92.0653 268.0814 14.34218424438557
IRIDIUM 162             
1 43482U 18047G   26280.40931849  .00000146  00000+0  37434-4 0  9992
2 43482  86.4499  41.4026 0002123  93.1216 267.0228 14.43279270441319
IRIDIUM 160             
1 43569U 18061A   26280.31789749  .00000102  00000+0  29375-4 0  9991
2 43569  86.4024   9.9174 0002196  96.1466 263.9980 14.34218684429444
IRIDIUM 166             
1 43570U 18061B   26280.34326944  .00000018  00000+0 -79774-6 0  9997
2 43570  86.4021   9.8557 0002156  97.6119 262.5322 14.34217831429475
IRIDIUM 158             
1 43571U 18061C   26280.31155581  .00000019  00000+0 -20289-6 0  9990
2 43571  86.4023   9.8790 0002147  93.8398 266.3044 14.34218114429438
IRIDIUM 165             
1 43572U 18061D   26280.33692663  .00000043  00000+0  82800-5 0  9992
2 43572  86.4023   9.9169 0002109  96.7423 263.4012 14.34218075429461
IRIDIUM 155             
1 43573U 18061E   26280.57795149  .00000154  00000+0  47854-4 0  9994
2 43573  86.4020   9.6798 0002100  95.2773 264.8662 14.34217335429461
IRIDIUM 154             
1 43574U 18061F   26280.34961159  .00000030  00000+0  36463-5 0  9994
2 43574  86.4025   9.9143 0002131  97.4809 262.6629 14.34217971429489
IRIDIUM 163             
1 43575U 18061G   26280.33058426  .00000001  00000+0 -66044-5 0  9995
2 43575  86.4022   9.8339 0002188  94.3979 265.7467 14.34217843429458
IRIDIUM 156             
1 43576U 18061H   26280.58428765  .00000023  00000+0  10243-5 0  9993
2 43576  86.4022   9.7354 0002044  95.0599 265.0830 14.34217744429482
IRIDIUM 164             
1 43577U 18061J   26280.28618586  .00000009  00000+0 -39113-5 0  9995
2 43577  86.4018   9.9018 0002056  99.0252 261.1176 14.34217679429487
IRIDIUM 159             
1 43578U 18061K   26280.32424138  .00000019  00000+0 -12738-6 0  9995
2 43578  86.4016   9.8207 0002096  94.3124 265.8312 14.34217876429454
IRIDIUM 180             
1 43922U 19002A   26280.46327457  .00000063  00000+0  15291-4 0  9998
2 43922  86.3941 306.6830 0002255  93.0964 267.0490 14.34218088405088
IRIDIUM 176             
1 43923U 19002B   26280.10179688  .00000455  00000+0  68303-4 0  9998
2 43923  86.6063 306.7617 0002372  92.0798 268.0691 14.72255197415714
IRIDIUM 168             
1 43924U 19002C   26280.45693201  .00000054  00000+0  12168-4 0  9992
2 43924  86.3942 306.7659 0002247  92.9603 267.1851 14.34217975405064
IRIDIUM 173             
1 43925U 19002D   26280.51401528  .00000048  00000+0  10047-4 0  9996
2 43925  86.3938 306.6262 0002206  92.3559 267.7890 14.34217886405057
IRIDIUM 169             
1 43926U 19002E   26280.44569888  .00000172  00000+0  49671-4 0  9996
2 43926  86.4257 338.2923 0001915  88.6429 271.4989 14.38609729406369
IRIDIUM 172             
1 43927U 19002F   26280.50767105  .00000137  00000+0  41950-4 0  9999
2 43927  86.3939 306.6372 0002255  92.2682 267.8772 14.34218780405067
IRIDIUM 175             
1 43928U 19002G   26280.42552385  .00000199  00000+0  52784-4 0  9998
2 43928  86.4495 243.5773 0002645 167.7099 192.4167 14.43651558415171
IRIDIUM 171             
1 43929U 19002H   26280.48864443  .00000075  00000+0  19734-4 0  9997
2 43929  86.3950 306.9641 0002181  94.4724 265.6721 14.34218199405056
IRIDIUM 170             
1 43930U 19002J   26280.10798974  .00000452  00000+0  67780-4 0  9996
2 43930  86.6062 306.7605 0002392  91.2191 268.9301 14.72252476415723
IRIDIUM 167             
1 43931U 19002K   26280.48230147  .00000076  00000+0  19911-4 0  9996
2 43931  86.3941 306.6712 0002027  94.7986 265.3441 14.34218209405055
IRIDIUM 181             
1 56726U 23068S   26280.28142126  .00000213  00000+0  57205-4 0  9997
2 56726  86.4559   9.9373 0002337  97.1667 262.9800 14.43308889178604
IRIDIUM 177             
1 56727U 23068T   26280.01235837  .00000280  00000+0  35922-4 0  9997
2 56727  86.1909 275.7619 0002463  86.3827 273.7674 14.77173851182896
IRIDIUM 174             
1 56728U 23068U   26280.09562566  .00000464  00000+0  69717-4 0  9991
2 56728  86.6070 306.9244 0002382  88.1907 271.9583 14.72253978182489
IRIDIUM 178             
1 56729U 23068V   26280.20579388  .00000587  00000+0  74114-4 0  9998
2 56729  86.6571 338.5908 0002408  89.6151 270.5347 14.80040400182936
IRIDIUM 179             
1 56730U 23068W   26280.26800551  .00000491  00000+0  61488-4 0  9999
2 56730  86.6823 347.8736 0002370  92.7978 267.3515 14.80050430182946
