HST                     
1 20580U 90037B   26283.56055819  .00006405  00000+0  19463-3 0  9994
2 20580  28.4736  11.3383 0001703  10.3467 349.7165 15.31886165806270
POLAR                   
1 23802U 96013A   26279.72274735  .00000022  00000+0  00000+0 0  9999
2 23802  80.0081 225.7074 6585650 205.2585  97.6829  1.29845635146301
SWAS                    
1 25560U 98071A   26283.28645590  .00002215  00000+0  14166-3 0  9993
2 25560  69.8938 290.5592 0002691  57.4704 302.6720 15.10207743514640
CXO                     
1 25867U 99040B   26285.73356490  .00000685  00000+0  00000+0 0  9997
2 25867  57.7813 113.5954 7652945 309.1386   0.2050  0.37805872 17765
XMM-NEWTON              
1 25989U 99066A   26285.03543818  .00000037  00000+0  00000+0 0  9996
2 25989  63.8740 281.4730 4642736  62.7983   0.2142  0.50128242 23597
TERRA                   
1 25994U 99068A   26283.55286957  .00000281  00000+0  65996-4 0  9998
2 25994  97.9325 328.4515 0001657 188.8150 277.2102 14.61173074426450
TIMED                   
1 26998U 01055B   26283.47800357  .00001085  00000+0  10151-3 0  9994
2 26998  74.0697   2.8415 0001033 225.6892 134.4208 14.95501880348053
CORIOLIS                
1 27640U 03001A   26283.26534497  .00000097  00000+0  66027-4 0  9994
2 27640  98.7169 288.4181 0013029 239.5033 120.4858 14.19971466230554
SORCE                   
1 27651U 03004A   26283.54681358  .00002485  00000+0  18602-3 0  9997
2 27651  39.9914 323.2359 0016863 164.2130 195.9193 15.04214875289278
MOST                    
1 27843U 03031D   26283.30912602  .00000046  00000+0  40988-4 0  9997
2 27843  98.7082 289.4494 0008761 281.6668  78.3526 14.21341664207067
SCISAT 1                
1 27858U 03036A   26283.22404760  .00000455  00000+0  62647-4 0  9990
2 27858  73.9288 302.7564 0008008 329.7273  30.3440 14.81556892248484
SWIFT                   
1 28485U 04047A   26283.57221513  .00346534  00000+0  10052-2 0  9993
2 28485  20.5515   4.5944 0003916 123.1464 236.9362 15.90808658205090
HINODE (SOLAR-B)        
1 29479U 06041A   26283.32320400  .00000403  00000+0  77542-4 0  9992
2 29479  98.0536 297.7822 0016087 283.8012  76.1403 14.68741062 71779
SHIJIAN-6 02A (SJ-6 02A)
1 29505U 06046A   26283.61707162  .00007060  00000+0  35032-3 0  9996
2 29505  97.6244 325.5695 0004627  97.1344 263.0415 15.18016667 89770
SHIJIAN-6 02B (SJ-6 02B)
1 29506U 06046B   26283.57286178  .00001675  00000+0  13388-3 0  9997
2 29506  97.6964 311.7928 0014894  47.2214 313.0261 15.01526053 88057
FGRST (GLAST)           
1 33053U 08029A   26283.25428317  .00002948  00000+0  10323-3 0  9990
2 33053  25.5812 125.1924 0007515 244.6286 115.3475 15.24459679 13263
SDO                     
1 36395U 10005A   26277.11916721 -.00000067  00000+0  00000+0 0  9996
2 36395  34.8784  84.6864 0001797  82.1576 147.3231  1.00273214 61155
CRYOSAT 2               
1 36508U 10013A   26283.59158213  .00000118  00000+0  28576-4 0  9993
2 36508  92.0237 305.3011 0002177  93.1345 267.0111 14.51906232874822
X-SAT                   
1 37389U 11015C   26283.64209697 -.00000267  00000+0 -96098-4 0  9994
2 37389  98.3671 255.2510 0014387   9.2488 350.8955 14.25232554804123
GCOM-W1 (SHIZUKU)       
1 38337U 12025A   26282.59461932  .00000347  00000+0  87148-4 0  9998
2 38337  98.2109 221.4505 0001588  74.2658  99.0110 14.57116137765697
NUSTAR                  
1 38358U 12031A   26283.66668981  .00004556  00000+0  22204-3 0  9997
2 38358   6.0271 247.2867 0007075  18.4195 314.4455 15.09741811  1305
NEOSSAT                 
1 39089U 13009D   26283.19081599  .00000148  00000+0  66040-4 0  9997
2 39089  98.4226 100.5421 0009838 263.1320  96.8747 14.35860822713247
BRITE-AUSTRIA           
1 39091U 13009F   26283.06242578  .00000125  00000+0  57255-4 0  9995
2 39091  98.4048  99.7109 0009033 255.7758 104.2426 14.36578474713544
IRIS                    
1 39197U 13033A   26283.31056160  .00000883  00000+0  10679-3 0  9996
2 39197  97.9245 122.2138 0023271 304.3224  55.5788 14.86073075717474
HISAKI (SPRINT-A)       
1 39253U 13049A   26283.53566081  .00000119  00000+0  70433-4 0  9995
2 39253  29.7221 353.5642 0136540 232.0823 126.7336 13.55552922647086
CASSIOPE                
1 39265U 13055A   26283.58814176  .00044477 -40853-6  43318-3 0  9995
2 39265  80.9085 285.7151 0262915  31.3184 330.3410 15.33300875685302
STSAT-3                 
1 39422U 13066G   26283.61855170  .00001387  00000+0  10673-3 0  9998
2 39422  97.6348 251.7652 0010241  12.8150 347.3333 15.03268485701547
SWARM B                 
1 39451U 13067A   26283.59355774  .00002727  00000+0  95199-4 0  9999
2 39451  87.7394 307.2576 0002757  81.3546 278.8016 15.29146157700875
SWARM A                 
1 39452U 13067B   26283.53498865  .00010535  00000+0  17952-3 0  9999
2 39452  87.3381  13.3984 0003080  99.2204 260.9406 15.51207131724129
SWARM C                 
1 39453U 13067C   26283.53489886  .00010843  00000+0  18479-3 0  9990
2 39453  87.3382  11.9823 0003098  98.8658 261.2954 15.51206073724085
BRITE-CA1 (TORONTO)     
1 40020U 14033L   26283.60441603  .00000758  00000+0  12131-3 0  9992
2 40020  97.9898  50.5162 0077029 267.3673  91.8716 14.72840994659208
OCO 2                   
1 40059U 14035A   26283.58867680  .00000323  00000+0  81675-4 0  9998
2 40059  98.2111 223.1629 0001288  68.8230 291.3106 14.57104925652859
BRITE-PL2 (HEWELIUSZ)   
1 40119U 14049B   26283.57925987  .00001426  00000+0  13591-3 0  9990
2 40119  97.9195  36.5554 0015181  87.2764 273.0193 14.94921394658689
MMS 1                   
1 40482U 15011A   26283.66668981 -.00001067  00000+0  00000+0 0  9990
2 40482  73.0309 347.4930 8240879 169.9258 198.2704  0.28343211  1365
MMS 2                   
1 40483U 15011B   26283.66668981 -.00001067  00000+0  00000+0 0  9991
2 40483  73.0356 347.4919 8243727 169.9266 198.2448  0.28343157  1374
MMS 3                   
1 40484U 15011C   26283.66668981 -.00001067  00000+0  00000+0 0  9992
2 40484  73.0347 347.5040 8242096 169.9355 198.2192  0.28343161  1357
MMS 4                   
1 40485U 15011D   26283.66668981 -.00001067  00000+0  00000+0 0  9993
2 40485  73.0277 347.4881 8242226 169.9454 198.2121  0.28343139  1376
ASTROSAT                
1 40930U 15052A   26283.59316502  .00001592  00000+0  11131-3 0  9997
2 40930   5.9975  44.5158 0008733 246.9296 112.9911 14.82677920596986
DAMPE                   
1 41173U 15078A   26283.59882427  .00001227  00000+0  43478-4 0  9994
2 41173  97.4597 289.6813 0013022  33.1071 327.0982 15.31025658602206
PISAT                   
1 41784U 16059B   26283.25196180  .00000676  00000+0  12227-3 0  9993
2 41784  97.8263 278.8212 0028475 195.1807 164.8548 14.69155334536638
HXMT (HUIYAN)           
1 42758U 17034A   26283.41245446  .00004335  00000+0  21043-3 0  9999
2 42758  43.0142 261.0161 0030911 159.1124 201.0995 15.19307639515186
FLYING LAPTOP           
1 42831U 17042G   26283.61356318  .00001718  00000+0  13625-3 0  9992
2 42831  97.5024  75.0747 0019135  88.7483 271.5934 15.01677569503774
ZHANGHENG 1-01 (CSES-1) 
1 43194U 18015C   26283.61115228  .00007425  00000+0  33858-3 0  9990
2 43194  97.6966  91.6466 0013241 231.9360 128.0681 15.20871800482184
SALSAT                  
1 46495U 20068K   26283.27739164  .00006367  00000+0  21397-3 0  9990
2 46495  97.8875 293.5028 0007618 255.5853 104.4542 15.31200508332966
IXPE                    
1 49954U 21121A   26283.66668981  .00010599  00000+0  55868-3 0  9997
2 49954   0.2287 163.6283 0007276  26.4562  78.7833 15.11154306  5804
SMILE                   
1 69123U 26109A   26281.27012189  .00000529  00000+0  00000+0 0  9992
2 69123  69.9849 206.1768 8121826 285.2826   5.8683  0.47511777   480
