ISS (ZARYA)             
1 25544U 98067A   26276.49792087  .00005083  00000+0  10128-3 0  9999
2 25544  51.6313 124.0722 0006914 218.1010 141.9490 15.48725660588544
POISK                   
1 36086U 09060A   26276.49792087  .00005083  00000+0  10128-3 0  9997
2 36086  51.6313 124.0722 0006914 218.1010 141.9490 15.48725660586961
CSS (TIANHE)            
1 48274U 21035A   26276.59635476  .00014805  00000+0  17989-3 0  9998
2 48274  41.4700  23.6499 0001955 325.3443  34.7268 15.60263631310096
ISS (NAUKA)             
1 49044U 21066A   26276.49792087  .00005083  00000+0  10128-3 0  9995
2 49044  51.6313 124.0722 0006914 218.1010 141.9490 15.48725660587005
FREGAT DEB              
1 49271U 11037PF  26275.52389418  .00011917  00000+0  16518-1 0  9997
2 49271  51.6444  38.3947 0944057 162.5957 200.9722 12.44918348238400
CSS (WENTIAN)           
1 53239U 22085A   26276.59635476  .00014805  00000+0  17989-3 0  9991
2 53239  41.4700  23.6499 0001955 325.3443  34.7268 15.60263631288233
CSS (MENGTIAN)          
1 54216U 22143A   26276.59635476  .00014805  00000+0  17989-3 0  9992
2 54216  41.4700  23.6499 0001955 325.3443  34.7268 15.60263631308377
HRC MONOBLOCK CAMERA    
1 66052U 98067XS  26274.69347924  .00409902  88175-4  58866-3 0  9997
2 66052  51.6101  83.0758 0006989 275.9548  84.0667 16.04802827 54893
SZ-21 MODULE            
1 66515U 25246C   26276.50956247  .00073053  00000+0  26061-3 0  9998
2 66515  41.4709 347.4918 0009739  78.2103 281.9837 15.87813225 50897
DUPLEX                  
1 66906U 98067XT  26276.23280464  .00042000  00000+0  32601-3 0  9999
2 66906  51.6234 100.4700 0004328 229.2260 130.8363 15.71355112 47592
KNACKSAT-2              
1 67683U 98067YA  26276.06488435  .00062235  00000+0  48478-3 0  9992
2 67683  51.6229 107.6320 0008530 242.9374 117.0754 15.71067525 37175
GXIBA-1                 
1 67685U 98067YC  26276.25102344  .00088858  00000+0  55912-3 0  9997
2 67685  51.6197 103.5777 0009553 245.4190 114.5815 15.75892643 37241
UITMSAT-2               
1 67686U 98067YD  26275.88340559  .00262012  37072-4  75126-3 0  9997
2 67686  51.6171  98.0245 0009276 251.9731 108.0265 15.92621419 37288
LEOPARD                 
1 67687U 98067YE  26275.82243670  .00180715  00000+0  92918-3 0  9991
2 67687  51.6211 106.0006 0009616 241.1757 118.8280 15.80080957 37094
HMU-SAT2                
1 67688U 98067YF  26274.80812940  .00148311  00000+0  67873-3 0  9999
2 67688  51.6232 107.4341 0008235 227.5605 132.4702 15.82712347 36986
CREW DRAGON 12          
1 67796U 26031A   26276.49792087  .00005083  00000+0  10128-3 0  9996
2 67796  51.6313 124.0722 0006914 218.1010 141.9490 15.48725660587896
CYGNUS NG-24            
1 68689U 26079A   26276.49792087  .00005083  00000+0  10128-3 0  9990
2 68689  51.6313 124.0722 0006914 218.1010 141.9490 15.48725660587911
PROGRESS-MS 34          
1 68837U 26093A   26276.49792087  .00005083  00000+0  10128-3 0  9991
2 68837  51.6313 124.0722 0006914 218.1010 141.9490 15.48725660587938
TIANZHOU-10             
1 69049U 26102A   26276.59635476  .00014805  00000+0  17989-3 0  9991
2 69049  41.4700  23.6499 0001955 325.3443  34.7268 15.60263631310167
SHENZHOU-23 (SZ-23)     
1 69180U 26113A   26276.59635476  .00014805  00000+0  17989-3 0  9999
2 69180  41.4700  23.6499 0001955 325.3443  34.7268 15.60263631308193
