ATLAS CENTAUR 2         
1 00694U 63047A   26269.97386200  .00002586  00000+0  30591-3 0  9990
2 00694  30.3514 150.0822 0544737  55.3148 309.7563 14.12739237160101
THOR AGENA D R/B        
1 00733U 64002A   26270.02168043  .00000109  00000+0  56032-4 0  9995
2 00733  99.1124 294.2355 0033326  33.8253 326.5047 14.34097577267157
SL-3 R/B                
1 00877U 64053B   26269.74382724  .00000064  00000+0  36654-4 0  9999
2 00877  65.0752 101.7304 0076039 228.7846 130.6684 14.61466788296171
SL-8 R/B                
1 02802U 67045B   26270.15339245  .00000166  00000+0  53565-4 0  9993
2 02802  74.0127 331.8062 0065407 290.3313  69.0824 14.45723321118136
SL-8 R/B                
1 03230U 68040B   26269.95245812  .00002088  00000+0  15236-3 0  9994
2 03230  74.0272 262.0893 0023412  23.9542 336.2731 15.04244358120261
OAO 2                   
1 03597U 68110A   26270.22084626  .00000146  00000+0  44533-4 0  9990
2 03597  34.9927 219.9452 0005263   7.9654 352.1120 14.47383509 48313
ISIS 1                  
1 03669U 69009A   26270.06830441  .00000129  00000+0  78969-4 0  9995
2 03669  88.4366 133.2087 1707912  42.5955 329.5552 11.30451495371287
SERT 2                  
1 04327U 70009A   26270.26188177 -.00000011  00000+0  41890-4 0  9997
2 04327  99.2882 202.5076 0005286  20.6414 145.0019 13.58746653807267
SL-3 R/B                
1 05118U 71028B   26270.21378218  .00095272  00000+0  47207-3 0  9999
2 05118  81.2286 159.6356 0006229 274.5958  85.4594 15.81682305 20307
ASTEX 1                 
1 05560U 71089A   26270.28293313  .00000345  00000+0  87508-4 0  9992
2 05560  92.7123 216.7856 0017493 118.9398 241.3565 14.50917716891533
SL-8 R/B                
1 05730U 71119B   26270.14515963  .00008441  00000+0  43383-3 0  9995
2 05730  73.8863 158.2266 0537375  83.2127 282.9845 14.40526276684479
OAO 3 (COPERNICUS)      
1 06153U 72065A   26270.20625800  .00000237  00000+0  52911-4 0  9998
2 06153  35.0049 229.0817 0006414   4.4565 115.7599 14.60107416875665
ATLAS CENTAUR R/B       
1 06155U 72065B   26270.14660558  .00000762  00000+0  10593-3 0  9994
2 06155  35.0009 204.7321 0034156 266.2888  93.3906 14.78060033871080
SL-8 R/B                
1 08459U 75112B   26270.28853693  .00000137  00000+0  53400-4 0  9999
2 08459  74.0635   8.0319 0014883  45.1285 315.1075 14.38282714660850
SL-3 R/B                
1 10114U 77057B   26270.23149521  .00010441  00000+0  18950-3 0  9992
2 10114  97.5861  91.9035 0004918 273.0017  87.0671 15.49775990699508
SEASAT 1                
1 10967U 78064A   26270.26085357  .00000187  00000+0  90597-4 0  9990
2 10967 108.0076 188.5400 0002422 294.6502  65.4392 14.46294010535655
SL-14 R/B               
1 11267U 79011B   26269.97790180  .00000387  00000+0  35432-4 0  9999
2 11267  82.5203 265.5503 0017564 103.6388 256.6789 14.92085394558799
SL-8 R/B                
1 11574U 79089B   26270.22747896  .00000042  00000+0  20702-4 0  9993
2 11574  74.0672  77.9560 0016046 201.9358 158.1113 14.42439248465168
SL-14 R/B               
1 11672U 80005B   26269.98942315  .00000318  00000+0  29535-4 0  9995
2 11672  82.5118 116.2773 0014880 207.1776 152.8667 14.91101638506484
SL-8 R/B                
1 12139U 81003B   26270.26560470  .00020184  00000+0  46854-3 0  9999
2 12139  82.9324 102.6785 0238982 193.3694 166.1143 15.17557962345183
SL-3 R/B                
1 12465U 81046B   26270.31234395  .00011461  00000+0  23186-3 0  9999
2 12465  81.2302  46.8383 0017472  36.7294 323.5145 15.46135348469541
SL-3 R/B                
1 12904U 81103B   26270.24225483  .00003154  00000+0  13295-3 0  9991
2 12904  81.1607 336.6667 0011911 330.1065  29.9485 15.22972920  3907
SL-3 R/B                
1 13068U 82013B   26270.24950755  .00003158  00000+0  13108-3 0  9998
2 13068  81.1707 284.2077 0020980 215.5562 144.4274 15.23351937435028
SL-3 R/B                
1 13154U 82039B   26270.16427326  .00002186  00000+0  12821-3 0  9997
2 13154  81.1488 343.2634 0031391  17.5758 342.6546 15.10938898412055
SL-3 R/B                
1 13403U 82079B   26270.26382417  .00003999  00000+0  15082-3 0  9995
2 13403  81.1456 314.6751 0023370 199.1955 160.8401 15.26553141408431
SL-14 R/B               
1 13553U 82092B   26270.01070833  .00000287  00000+0  29376-4 0  9994
2 13553  82.5675 313.0292 0020138 357.7711  48.3943 14.86807443358841
SL-3 R/B                
1 13819U 83010B   26269.70707157  .00014214  00000+0  23762-3 0  9997
2 13819  81.0986 114.7092 0015142  61.4988 298.7782 15.51635677389064
SL-3 R/B                
1 14208U 83075B   26270.25195412  .00009075  00000+0  21222-3 0  9996
2 14208  97.6109 283.0707 0018490 221.8200 138.1635 15.42222499361189
COSMOS 1536             
1 14699U 84013A   26269.96066828  .00005009  00000+0  19315-3 0  9990
2 14699  82.5401 267.4027 0011877 297.4505  62.5525 15.26017931303292
SL-14 R/B               
1 14820U 84027B   26269.81949463  .00000326  00000+0  34266-4 0  9990
2 14820  82.5405  56.3828 0018682  31.6975 328.5362 14.86116665277503
SL-8 R/B                
1 15483U 85006B   26270.21340762  .00000224  00000+0  82767-4 0  9993
2 15483  74.0433 250.3048 0017166 117.0153 254.2982 14.37868713182994
SL-12 R/B(2)            
1 15772U 85042D   26270.29407786  .00000072  00000+0  53734-4 0  9995
2 15772  71.1104  21.7837 0034826 175.4988 205.7811 14.22023025143059
SL-14 R/B               
1 15945U 85069B   26270.21365864  .00000333  00000+0  34731-4 0  9994
2 15945  82.5294 195.4085 0017296 242.7091 117.2364 14.86576388202776
SL-16 R/B               
1 16182U 85097B   26269.81469196  .00000229  00000+0  13866-3 0  9995
2 16182  71.0013  77.1183 0009328 301.4372 156.8192 14.16620657115716
SL-14 R/B               
1 16496U 86006B   26269.79692811  .00000355  00000+0  34953-4 0  9994
2 16496  82.5242  70.4748 0075363 326.8045  32.8454 14.87019352179095
COSMOS 1743             
1 16719U 86034A   26269.36238886  .00088875  00000+0  52657-3 0  9997
2 16719  82.5245 220.3307 0002660 131.6280 228.5214 15.77773372211685
SL-14 R/B               
1 16792U 86046B   26270.18787895  .00000322  00000+0  34250-4 0  9993
2 16792  82.4790 249.7878 0021504 283.0014  76.8801 14.85730092156328
SL-14 R/B               
1 16882U 86055B   26270.10173098  .00000278  00000+0  29107-4 0  9994
2 16882  82.5181 297.3204 0019562  29.9690 350.4003 14.85781371149270
AJISAI (EGS)            
1 16908U 86061A   26270.29366203 -.00000089  00000+0  61397-4 0  9990
2 16908  50.0081 193.4202 0011393  79.9472  24.7896 12.44517387493101
SL-14 R/B               
1 17567U 87024B   26269.94609944  .00000315  00000+0  33030-4 0  9998
2 17567  82.5244 263.6024 0017074 318.0373  41.9534 14.86271644118021
COSMOS 1833             
1 17589U 87027A   26270.25717727 -.00000276  00000+0 -12153-3 0  9990
2 17589  70.9142 262.3292 0026541 261.0907  98.7209 14.13042906 38796
SL-16 R/B               
1 17590U 87027B   26269.29224468 -.00000076  00000+0 -14035-4 0  9999
2 17590  71.0026 213.7668 0005312 201.0638 159.0268 14.17186846 43761
SL-14 R/B               
1 17912U 87038B   26269.97748862  .00000267  00000+0  28064-4 0  9990
2 17912  82.4981 107.1933 0018271 215.6751 144.3246 14.85501091109114
COSMOS 1844             
1 17973U 87041A   26270.14654948  .00000162  00000+0  10926-3 0  9994
2 17973  70.8998 329.2413 0028670  79.3694 281.0655 14.14579417 32077
SL-14 R/B               
1 18153U 87055B   26270.12097686  .00000301  00000+0  31640-4 0  9990
2 18153  82.5014 159.1468 0022050  68.8675 291.4895 14.85765302 99842
COSMOS 1867             
1 18187U 87060A   26269.78054443 -.00000061  00000+0  14893-4 0  9992
2 18187  65.0089 103.5381 0018736 280.4477  79.4496 14.31524786 48724
SL-14 R/B               
1 18749U 88001B   26270.26455770  .00000312  00000+0  33207-4 0  9993
2 18749  82.5167   5.7212 0016589 293.6207  66.3267 14.85666001 71954
COSMOS 1933             
1 18958U 88020A   26269.68206004  .00003864  00000+0  18188-3 0  9999
2 18958  82.5122  51.8597 0003294 200.2474 159.8631 15.19266247 80739
SL-3 R/B                
1 19046U 88032B   26270.20187764  .00003426  00000+0  15424-3 0  9996
2 19046  97.5372 253.2539 0023335 249.2590 110.6145 15.21542409 82732
SL-16 R/B               
1 19120U 88039B   26270.00872140  .00000156  00000+0  96265-4 0  9993
2 19120  71.0175   2.8532 0020822  25.4618 334.7528 14.19638535986950
COSMOS 1953             
1 19210U 88050A   26270.07036898  .00006400  00000+0  21088-3 0  9993
2 19210  82.5071 315.2030 0011893 127.3526 232.8800 15.31201136 68572
SL-8 R/B                
1 19257U 88053B   26269.71798139  .00000220  00000+0  79823-4 0  9994
2 19257  74.0451 101.8977 0020927 234.1853 199.2356 14.38999676  5402
COSMOS 1975             
1 19573U 88093A   26269.72910022  .00006335  00000+0  21377-3 0  9990
2 19573  82.5148 275.4765 0011395 169.5916 190.5562 15.30434690 50139
SL-14 R/B               
1 19574U 88093B   26270.25473704  .00000331  00000+0  35025-4 0  9998
2 19574  82.5321 212.8127 0022234  90.8686  71.5887 14.85796391 30947
SL-16 R/B               
1 19650U 88102B   26269.93028303 -.00000224  00000+0 -88825-4 0  9997
2 19650  70.9976  88.0578 0012209  58.9576 301.2744 14.16175127955387
INTERCOSMOS 24          
1 20261U 89080A   26270.15356364  .00000713  00000+0  20532-3 0  9991
2 20261  82.6090 333.2762 1187244 185.1439 173.6504 12.59743533692164
SL-14 R/B               
1 20262U 89080C   26270.09127858  .00000195  00000+0  48871-4 0  9990
2 20262  82.5941  43.8251 1230406  84.3760 289.6022 12.50609408685328
DELTA 1 R/B             
1 20323U 89089B   26269.95178531  .00000282  00000+0  78403-4 0  9995
2 20323  97.0663  85.2517 0068303 205.1971 154.5890 14.50780873924916
ARIANE 40 R/B           
1 20443U 90005H   26270.12150618  .00000145  00000+0  59329-4 0  9999
2 20443  98.2850 324.5128 0009246 324.0142  36.0424 14.39966934921790
DELTA 2 R/B(1)          
1 20453U 90008B   26270.24807555  .00546696  13418-3  86911-3 0  9998
2 20453  35.5909 260.6533 0015802  19.4379 340.6971 16.02433911957866
COSMOS 2058             
1 20465U 90010A   26269.30672788  .00003881  00000+0  22111-3 0  9992
2 20465  82.4698 209.5907 0009731  13.7516 346.3977 15.12500407972553
SL-14 R/B               
1 20466U 90010B   26270.20745350  .00000288  00000+0  31875-4 0  9996
2 20466  82.4991  78.1179 0019706   0.1751 359.9467 14.83697772958361
SL-14 R/B               
1 20511U 90018B   26270.28431387  .00000333  00000+0  38596-4 0  9993
2 20511  82.5229  34.6496 0016905 144.7323 215.5014 14.82270229952445
HST                     
1 20580U 90037B   26269.22750179  .00006085  00000+0  18530-3 0  9990
2 20580  28.4721 109.4571 0001455 180.6586 179.4008 15.31759124804073
SL-16 R/B               
1 20625U 90046B   26270.16736248  .00000133  00000+0  93264-4 0  9992
2 20625  70.9971 234.7613 0014400 349.4849  10.5971 14.15032172876893
COSMOS 2084             
1 20663U 90055A   26270.29590965  .00001744  00000+0  13097-3 0  9996
2 20663  62.7906   7.4785 0019156 351.5654   8.5122 15.06469299966685
SL-6 R/B(2)             
1 20666U 90055D   26270.09627275  .00001272  00000+0  10263-3 0  9990
2 20666  62.7807 288.4961 0056484  18.0398 342.2688 15.04307279968482
SL-8 R/B                
1 20775U 90078B   26270.20348865  .00012234  00000+0  33229-3 0  9991
2 20775  82.8985  69.2061 0340169  52.4669 310.6949 14.95244637839357
SL-8 R/B                
1 21088U 91006B   26270.25438437  .00000083  00000+0  67968-4 0  9998
2 21088  82.9459  20.0807 0022343 187.0598 198.6147 13.77524241791826
OKEAN-3                 
1 21397U 91039A   26270.02779912  .00001285  00000+0  86716-4 0  9995
2 21397  82.5163 141.6116 0014280  11.2632 348.8911 15.05707765895323
COSMOS 2151             
1 21422U 91042A   26270.21897245  .00001507  00000+0  11675-3 0  9997
2 21422  82.4936 249.1937 0013996  96.8183 263.4634 15.00664287893415
SL-14 R/B               
1 21423U 91042B   26270.31258324  .00000281  00000+0  32490-4 0  9995
2 21423  82.4949  31.0985 0015666 301.1824  58.7853 14.81951763882930
ERS-1                   
1 21574U 91050A   26270.06093610  .00000209  00000+0  81458-4 0  9996
2 21574  98.7765 293.2362 0031222 326.4647  33.4563 14.39570328844701
ARIANE 40 R/B           
1 21610U 91050F   26270.11958788  .00000197  00000+0  71116-4 0  9995
2 21610  98.1772 314.5163 0003377 160.9891 199.1427 14.43005565848043
INTERCOSMOS 25          
1 21819U 91086A   26270.20832590  .00002003  00000+0  38633-3 0  9991
2 21819  82.6080 188.1059 1485394  42.3438 328.3134 12.12371488521107
SL-8 R/B                
1 21876U 92008B   26270.31483750 -.00000017  00000+0 -33075-4 0  9992
2 21876  82.9240 117.8619 0033573 292.4484 241.7054 13.75992713737140
SL-8 R/B                
1 21938U 92020B   26270.24390102  .00000066  00000+0  52681-4 0  9991
2 21938  82.9350   4.0417 0030429  95.2210 284.0854 13.75561196728849
USA 81                  
1 21949U 92023A   26270.26416796  .00000136  00000+0  42850-4 0  9991
2 21949  85.0120  15.0790 0002702  97.8252 262.3248 14.32420128123649
COSMOS 2219             
1 22219U 92076A   26270.12284729 -.00000177  00000+0 -67978-4 0  9999
2 22219  71.0603 316.9755 0020432 254.4093 105.4775 14.14107703746856
SL-16 R/B               
1 22220U 92076B   26270.06337005 -.00000165  00000+0 -58278-4 0  9990
2 22220  70.9985 124.1764 0011679 157.6110 356.3691 14.16883498750353
COSMOS 2221             
1 22236U 92080A   26269.89583661  .00001229  00000+0  10502-3 0  9999
2 22236  82.5003  86.2945 0012983 232.4270 127.5774 14.96766833810883
SL-16 R/B               
1 22285U 92093B   26270.07672988 -.00000126  00000+0 -40211-4 0  9998
2 22285  71.0206 301.4918 0004905 331.5825  28.5030 14.15469809741656
COSMOS 2228             
1 22286U 92094A   26270.30619497  .00001536  00000+0  12801-3 0  9999
2 22286  82.5183  44.1830 0017266 347.3540  12.7247 14.97858329806235
SL-16 R/B               
1 22566U 93016B   26270.13832935  .00000315  00000+0  18617-3 0  9995
2 22566  71.0073 152.0775 0009921   4.6660 355.4554 14.15320464730675
COSMOS 2242             
1 22626U 93024A   26269.91181475  .00001228  00000+0  10385-3 0  9999
2 22626  82.5157  74.1866 0015892 353.2671   6.8335 14.97152990810496
SL-16 R/B               
1 22803U 93059B   26270.05463128  .00000087  00000+0  67025-4 0  9995
2 22803  70.9903 306.4785 0019507 264.4359  95.4540 14.17259209708061
ARIANE 40 R/B           
1 22830U 93061H   26269.94393397  .00000113  00000+0  57025-4 0  9993
2 22830  98.4718 334.6360 0011553  52.7388 307.4848 14.32940321722922
COSMOS 2278             
1 23087U 94023A   26269.94594015  .00000028  00000+0  39436-4 0  9998
2 23087  71.0521 114.0202 0006618  75.9846 284.2012 14.14412565673264
SL-16 R/B               
1 23088U 94023B   26270.25576763 -.00000026  00000+0  10998-4 0  9996
2 23088  71.0021   7.5739 0004250 319.7450  40.3357 14.15028743674605
SL-16 R/B               
1 23343U 94074B   26270.05752953  .00000268  00000+0  42402-4 0  9993
2 23343  97.6948 292.5142 0005154 289.7234  87.9814 14.79572462717026
SL-16 R/B               
1 23405U 94077B   26270.30020130  .00000252  00000+0  15337-3 0  9997
2 23405  70.9814 288.3298 0004401 242.9942 117.0732 14.15583852644766
ARIANE 40+ R/B          
1 23561U 95021B   26270.12914950  .00000179  00000+0  70734-4 0  9993
2 23561  98.4318 338.6841 0005603 254.7413 123.4609 14.39877259648238
SL-16 R/B               
1 23705U 95058B   26270.03419818  .00000152  00000+0  10177-3 0  9991
2 23705  71.0197 117.5283 0012409 182.6603 177.4456 14.15519495596348
SL-16 R/B               
1 24298U 96051B   26270.01030343  .00000159  00000+0  11235-3 0  9996
2 24298  70.7674 109.1838 0018388 206.7010 153.3165 14.12484946550076
ORBVIEW 2 (SEASTAR)     
1 24883U 97037A   26269.91863234  .00000128  00000+0  60736-4 0  9998
2 24883  98.8787  79.8257 0002282 161.9063 198.2204 14.35595042537348
SL-16 R/B               
1 25400U 98043G   26269.81732321  .00000020  00000+0  27498-4 0  9992
2 25400  98.8487 224.9038 0010364 146.2220 213.9622 14.26082376467658
SL-16 R/B               
1 25407U 98045B   26269.94628526 -.00000194  00000+0 -73694-4 0  9999
2 25407  71.0094 118.3291 0005212  71.9485 288.2206 14.16214183455597
ISS (ZARYA)             
1 25544U 98067A   26270.17419514  .00009528  00000+0  18291-3 0  9996
2 25544  51.6315 155.3455 0007168 193.0560 167.0244 15.48664528587561
CZ-4B R/B               
1 25732U 99025C   26270.07259855  .00000039  00000+0  39228-4 0  9991
2 25732  98.6391 309.3015 0038026 124.5698 265.1848 14.18296701416714
OKEAN-O                 
1 25860U 99039A   26269.99550989  .00000413  00000+0  60681-4 0  9992
2 25860  97.9205 327.5687 0001806  78.7730 281.3686 14.80562326464173
SL-16 R/B               
1 25861U 99039B   26269.78804427  .00000316  00000+0  46676-4 0  9999
2 25861  97.9727 328.3036 0013969 329.3278  30.7117 14.81927008466647
DELTA 2 R/B             
1 25876U 99041E   26270.23016994  .00000358  00000+0  95518-4 0  9999
2 25876  51.7633 216.0001 0500080 223.3155 132.7433 14.12257771391507
HELIOS 1B               
1 25977U 99064A   26270.18138617  .00001056  00000+0  12075-3 0  9999
2 25977  98.1509 178.2267 0002311 102.3874 257.7600 14.88223135715220
TERRA                   
1 25994U 99068A   26270.26035883  .00000261  00000+0  62096-4 0  9998
2 25994  97.9348 315.7066 0000871 260.2509 166.2011 14.61166481424510
SL-16 R/B               
1 26070U 00006B   26270.29632491  .00000041  00000+0  45165-4 0  9993
2 26070  71.0044  33.9186 0018469 239.0322 120.8987 14.15848282377096
TITAN 4B R/B            
1 26474U 00047B   26270.23728746  .00002390  00000+0  14966-3 0  9992
2 26474  67.9890 193.2146 0040576 181.4625 178.6414 15.10654679423340
ENVISAT                 
1 27386U 02009A   26270.33824823  .00000055  00000+0  31674-4 0  9991
2 27386  98.3942 219.4254 0001262  90.2866  74.5631 14.39084359288170
IDEFIX & ARIANE 42P R/B 
1 27422U 02021B   26270.27707829  .00000159  00000+0  77131-4 0  9998
2 27422  98.5994 206.6727 0011154 319.3254  40.7095 14.31120804272855
AQUA                    
1 27424U 02022A   26270.30406568  .00000602  00000+0  12930-3 0  9999
2 27424  98.4413 241.6942 0001302  63.0602  65.9309 14.62215461298194
CZ-4B R/B               
1 27432U 02024C   26270.15559622  .00000025  00000+0  35433-4 0  9996
2 27432  98.8589 322.2602 0050375 169.4288 200.9486 14.14576642257724
MIDORI II (ADEOS-II)    
1 27597U 02056A   26270.12873978  .00000168  00000+0  83689-4 0  9997
2 27597  98.8009 230.3141 0001946 105.2365 254.9032 14.29393371239070
H-2A R/B                
1 27601U 02056E   26269.96034074  .00000184  00000+0  79250-4 0  9996
2 27601  98.3434 222.9786 0068938 282.4403 116.9872 14.33867329242954
CZ-4B R/B               
1 28059U 03049C   26270.27481393  .00000265  00000+0  72264-4 0  9991
2 28059  98.6961 273.2198 0047646 337.8933  22.0208 14.55158354215913
SL-16 R/B               
1 28353U 04021B   26270.12757635  .00000213  00000+0  13537-3 0  9998
2 28353  71.0003 169.7518 0003023  97.0826 263.0640 14.14618091151329
CZ-4B R/B               
1 28415U 04035C   26269.61727540  .00007180  00000+0  23270-3 0  9991
2 28415  97.3292 301.5984 0029069 336.7261  23.2663 15.31894509210648
CZ-2C R/B               
1 28480U 04046B   26270.20943467  .00000098  00000+0  52106-4 0  9992
2 28480  98.1829 172.5532 0138071 278.9668  79.5907 14.27054800137247
ARIANE 5 R/B            
1 28499U 04049H   26270.24479227  .00000449  00000+0  55751-4 0  9996
2 28499  98.2792  86.5077 0084791  58.3263 302.6184 14.85571222175712
CZ-2D R/B               
1 28738U 05024B   26270.06973348  .00092273  00000+0  42063-3 0  9996
2 28738  97.3400 295.5347 0001831  68.1122 292.0342 15.83551697171383
ALOS (DAICHI)           
1 28931U 06002A   26269.77420275  .00001045  00000+0  18153-3 0  9990
2 28931  98.1441 225.0919 0001871  61.8909 298.2485 14.70238967103021
H-2A R/B                
1 28932U 06002B   26270.17802544  .00005950  00000+0  27743-3 0  9994
2 28932  98.2674  75.4180 0048200 274.6446  84.9282 15.19283986125007
RESURS-DK 1             
1 29228U 06021A   26269.88888111  .00001433  00000+0  85789-4 0  9991
2 29228  69.9310  76.2149 0004512 204.7583 155.3368 15.13548518117969
CZ-4B R/B               
1 29507U 06046C   26269.95514247  .00003208  00000+0  15731-3 0  9993
2 29507  97.5347 314.2380 0030500 289.6410  70.1533 15.18464535 90571
CZ-2C R/B               
1 31114U 07010B   26270.21018442  .00000056  00000+0  44610-4 0  9996
2 31114  98.4155  13.5982 0060012  68.8878 291.8701 14.20296316  8310
COSMO-SKYMED 1          
1 31598U 07023A   26270.24816639  .00001267  00000+0  11396-3 0  9992
2 31598  97.8820 102.9932 0001292  72.8309 287.3054 14.97486910 45064
COSMOS 2428             
1 31792U 07029A   26269.94644613 -.00000030  00000+0  93739-5 0  9991
2 31792  70.9426 140.8518 0011665 313.3522  46.6626 14.12977508992528
SL-16 R/B               
1 31793U 07029B   26270.00517947 -.00000207  00000+0 -82181-4 0  9995
2 31793  70.9729 109.1949 0002052 278.7589 232.5913 14.14859361993847
KORONAS-FOTON           
1 33504U 09003A   26270.16475682  .00010412  00000+0  19981-3 0  9991
2 33504  82.4267  65.6923 0010421 140.8212 219.3795 15.47757085976864
CZ-2C R/B               
1 37731U 11030B   26270.31266627  .00000953  00000+0  12507-3 0  9990
2 37731  97.8774 223.9249 0053374  54.9294 112.6099 14.81641899819941
H-2A R/B                
1 38341U 12025E   26270.23034224  .00002549  00000+0  22856-3 0  9991
2 38341  98.4943 253.8818 0043854  14.8545 345.3951 14.96095609778342
SHIJIAN-16 (SJ-16)      
1 39358U 13057A   26270.31484951  .00001018  00000+0  10100-3 0  9990
2 39358  74.9736 163.2294 0016054 338.6417  21.4099 14.92802756701581
SL-4 R/B                
1 39679U 14021B   26269.87900668  .00013899  00000+0  26744-3 0  9996
2 39679  51.6033  71.8320 0086831 119.4307 241.5380 15.44152784687315
ALOS-2                  
1 39766U 14029A   26270.26477066  .00000789  00000+0  11246-3 0  9992
2 39766  97.9234   5.9663 0001488  95.6525 264.4857 14.79478682666672
YAOGAN-29               
1 41038U 15069A   26270.32207806  .00000905  00000+0  11760-3 0  9993
2 41038  97.9978 299.0911 0002872  69.1969 290.9552 14.83153269585762
ASTRO-H (HITOMI)        
1 41337U 16012A   26269.98247037  .00002108  00000+0  11776-3 0  9998
2 41337  30.9980 136.5506 0009476 199.3191 160.7088 15.10908989582694
HXMT (HUIYAN)           
1 42758U 17034A   26270.32929226  .00004294  00000+0  20920-3 0  9997
2 42758  43.0156 333.9567 0030031  72.9687 287.4449 15.19230202513191
SAOCOM 1A               
1 43641U 18076A   26270.27954159  .00000535  00000+0  73789-4 0  9999
2 43641  97.8884  95.5631 0001448  87.9109 272.2270 14.82152415431221
H-2A R/B                
1 43682U 18084L   26269.67981666  .00024602  00000+0  45386-3 0  9990
2 43682  98.8406 170.9805 0022079  45.1693 315.1343 15.48862198436812
SAOCOM 1B               
1 46265U 20059A   26270.24326385 -.00000194  00000+0 -17866-4 0  9996
2 46265  97.8884  94.6286 0001402  81.5582 278.5790 14.82150404328606
CSS (TIANHE)            
1 48274U 21035A   26269.87524670  .00012403  00000+0  15118-3 0  9998
2 48274  41.4683  64.5157 0001914 314.1424  45.9257 15.60301806309043
COSMOS 2550             
1 48865U 21056A   26270.26955214  .00004724  00000+0  14926-3 0  9997
2 48865  67.1427 151.1080 0008347 268.5532  91.4667 15.33844133294372
CZ-2C R/B               
1 52794U 22058K   26269.53521903  .00057319  00000+0  46170-3 0  9992
2 52794  50.1843 353.2403 0029738 337.9258  22.0436 15.69706554241525
CZ-2C R/B               
1 54039U 22132E   26268.77019759  .00156581  00000+0  60525-3 0  9996
2 54039  97.2862 281.3151 0010981  68.7737 291.4706 15.86755210221818
GSLV R/B                
1 54149U 22138AN  26269.95909843  .00001595  00000+0  13331-3 0  9994
2 54149  87.3726  98.7601 0022861 134.2883 226.0230 14.97615224214044
XRISM                   
1 57800U 23137A   26270.12745994  .00003945  00000+0  21126-3 0  9999
2 57800  31.0021  58.8853 0007562 274.5661  85.4114 15.13196244168315
ACS3                    
1 59588U 24077B   26269.75409116  .00021197  00000+0  14766-1 0  9997
2 59588  97.2296 166.4404 0054744 333.4973  26.3398 13.97859133122211
SPACEMOBILE-003         
1 61045U 24163A   26266.14581248  .00001263  00000+0  71932-4 0  9994
2 61045  52.9700 219.0450 0007021  54.5209 305.6440 15.20437013112672
SPACEMOBILE-005         
1 61046U 24163B   26269.54878065  .00005947  00000+0  28382-3 0  9991
2 61046  52.9712 203.4129 0010203  59.9196 300.2809 15.20400110113181
SPACEMOBILE-001         
1 61047U 24163C   26266.26089718  .00000242  00000+0  25817-4 0  9991
2 61047  52.9685 218.1977 0008021  60.3631 299.8161 15.20405793112680
SPACEMOBILE-002         
1 61048U 24163D   26265.32485327  .00012946  00000+0  59995-3 0  9991
2 61048  52.9755 222.5793 0007318  52.8355 307.3306 15.20406491112548
SPACEMOBILE-004         
1 61049U 24163E   26265.43859122  .00011208  00000+0  52066-3 0  9994
2 61049  52.9752 221.8070 0009465  75.0583 285.1458 15.20450929112569
CZ-8A R/B               
1 66004U 25231K   26270.13797033  .00000028  00000+0  68308-4 0  9997
2 66004  50.0053 325.5515 0116837 223.2404 135.9294 14.30185962 49533
SZ-21 MODULE            
1 66515U 25246C   26269.65208060  .00084315  00000+0  31359-3 0  9998
2 66515  41.4702  30.8985 0010385  21.0445 339.0828 15.86915441 49807
SPACEMOBILE-006         
1 67232U 25309A   26269.91166087  .00001749  00000+0  97854-4 0  9999
2 67232  52.9959 225.5524 0012300  86.6071 273.6330 15.18951699 42059
SPACEMOBILE-008         
1 69589U 26139A   26270.14105967  .00000988  00000+0  72113-4 0  9990
2 69589  52.9948 159.6291 0002316 280.4744  79.5986 15.13010689 15419
SPACEMOBILE-009         
1 69590U 26139B   26270.08206752  .00001024  00000+0  74326-4 0  9999
2 69590  52.9943 159.9603 0002499 273.3924  86.6781 15.12904832 15401
SPACEMOBILE-010         
1 69591U 26139C   26270.09259867  .00001425  00000+0  97227-4 0  9996
2 69591  52.9944 160.0308 0002653 257.5080 102.5614 15.12764540 15411
